1523596633576 0 1
1523596633578 -1 0
1523596633581 0 1
1523596633584 0 1
1523596633587 0 1
1523596633590 0 1
1523596633593 0 1
1523596633594 0 1
1523596633598 0 1
1523596633600 0 1
1523596633601 0 1
1523596633602 0 1
1523596633605 0 1
1523596633605 0 1
1523596633607 0 1
1523596633608 0 1
1523596633610 0 1
1523596633612 0 1
1523596633613 0 1
1523596633615 0 1
1523596633616 0 1
1523596633618 0 1
1523596633620 -1 1
1523596633621 0 1
1523596633623 0 1
1523596633625 0 1
1523596633626 0 1
1523596633628 0 1
1523596633630 0 1
1523596633631 -1 1
1523596633633 0 1
1523596633634 0 1
1523596633637 0 1
1523596633638 0 1
1523596633639 0 1
1523596633641 0 1
1523596633643 0 1
1523596633644 -1 1
1523596633646 0 1
1523596633647 0 1
1523596633649 0 1
1523596633650 0 1
1523596633652 0 1
1523596633653 0 1
1523596633655 0 1
1523596633656 0 1
1523596633657 -1 1
1523596633659 0 1
1523596633660 0 1
1523596633661 0 1
1523596633662 0 1
1523596633664 0 2
1523596633666 0 1
1523596633667 -1 1
1523596633668 0 1
1523596633669 0 1
1523596633670 0 1
1523596633672 0 2
1523596633674 0 2
1523596633675 0 1
1523596633676 0 1
1523596633677 0 1
1523596633678 0 1
1523596633679 0 1
1523596633680 0 1
1523596633681 0 2
1523596633682 0 1
1523596633683 0 1
1523596633684 0 1
1523596633685 0 2
1523596633686 0 1
1523596633687 0 1
1523596633688 -1 1
1523596633689 0 2
1523596633690 0 1
1523596633691 0 2
1523596633692 0 1
1523596633693 0 1
1523596633694 0 2
1523596633695 0 1
1523596633696 0 2
1523596633697 0 1
1523596633698 0 2
1523596633699 0 1
1523596633700 0 3
1523596633701 0 1
1523596633702 0 1
1523596633703 0 2
1523596633704 0 1
1523596633705 0 2
1523596633706 0 1
1523596633707 0 2
1523596633708 0 1
1523596633709 0 2
1523596633710 0 2
1523596633711 0 2
1523596633712 0 1
1523596633713 0 2
1523596633714 0 1
1523596633715 0 2
1523596633716 0 1
1523596633717 -1 2
1523596633718 0 2
1523596633719 0 1
1523596633720 0 2
1523596633721 0 1
1523596633722 0 2
1523596633723 0 1
1523596633724 0 2
1523596633725 0 1
1523596633726 0 1
1523596633727 0 2
1523596633728 0 1
1523596633729 0 2
1523596633730 0 1
1523596633731 0 2
1523596633732 -1 1
1523596633733 0 1
1523596633734 0 2
1523596633735 0 1
1523596633736 0 2
1523596633737 0 1
1523596633738 0 1
1523596633739 0 2
1523596633740 0 1
1523596633741 0 1
1523596633742 0 2
1523596633743 0 1
1523596633744 0 1
1523596633745 -1 2
1523596633746 0 1
1523596633747 0 1
1523596633748 0 2
1523596633749 0 1
1523596633750 0 1
1523596633751 -1 1
1523596633752 0 2
1523596633753 0 1
1523596633754 0 1
1523596633755 0 1
1523596633756 0 2
1523596633757 0 1
1523596633758 0 3
1523596633759 0 1
1523596633760 0 1
1523596633761 0 2
1523596633762 0 1
1523596633763 -1 1
1523596633764 0 2
1523596633765 0 1
1523596633766 0 1
1523596633767 0 1
1523596633768 0 2
1523596633769 0 1
1523596633770 0 1
1523596633771 0 2
1523596633772 0 1
1523596633773 0 1
1523596633774 0 2
1523596633775 0 1
1523596633776 0 2
1523596633777 0 1
1523596633778 0 1
1523596633779 0 1
1523596633780 0 2
1523596633781 0 1
1523596633782 0 2
1523596633783 0 1
1523596633784 0 2
1523596633785 0 1
1523596633786 0 2
1523596633787 0 1
1523596633788 0 2
1523596633789 0 3
1523596633790 0 1
1523596633791 0 1
1523596633792 0 2
1523596633793 0 2
1523596633794 0 2
1523596633795 0 1
1523596633796 0 2
1523596633797 0 2
1523596633798 0 1
1523596633799 0 1
1523596633800 0 2
1523596633801 0 2
1523596633802 0 2
1523596633803 0 2
1523596633804 0 1
1523596633805 0 2
1523596633806 0 2
1523596633807 0 2
1523596633808 0 1
1523596633809 0 2
1523596633810 0 2
1523596633811 0 1
1523596633812 0 2
1523596633813 0 2
1523596633814 0 2
1523596633815 0 2
1523596633816 0 3
1523596633817 0 1
1523596633818 0 2
1523596633819 0 2
1523596633820 0 2
1523596633821 0 2
1523596633822 0 2
1523596633823 0 2
1523596633824 -1 1
1523596633825 0 3
1523596633827 0 2
1523596633828 0 2
1523596633829 0 2
1523596633830 0 2
1523596633831 0 1
1523596633832 0 2
1523596633833 0 2
1523596633834 0 2
1523596633835 0 2
1523596633836 0 2
1523596633837 0 2
1523596633838 0 2
1523596633839 0 1
1523596633840 0 2
1523596633841 0 2
1523596633842 0 2
1523596633843 0 1
1523596633844 0 2
1523596633845 0 3
1523596633846 0 1
1523596633847 0 2
1523596633848 0 1
1523596633849 -1 2
1523596633850 0 2
1523596633851 0 1
1523596633852 0 2
1523596633853 0 1
1523596633854 0 1
1523596633855 0 2
1523596633856 0 1
1523596633857 0 4
1523596633858 0 1
1523596633859 0 2
1523596633860 0 1
1523596633861 0 2
1523596633862 0 2
1523596633863 0 1
1523596633864 0 1
1523596633865 0 2
1523596633866 0 2
1523596633867 0 1
1523596633868 0 2
1523596633869 0 1
1523596633870 0 2
1523596633871 0 2
1523596633872 0 1
1523596633873 0 1
1523596633874 0 2
1523596633875 0 1
1523596633876 0 1
1523596633877 0 2
1523596633878 0 1
1523596633879 0 2
1523596633880 0 2
1523596633881 0 1
1523596633882 0 2
1523596633883 0 1
1523596633884 0 2
1523596633885 0 1
1523596633886 0 3
1523596633887 0 2
1523596633888 0 1
1523596633889 0 1
1523596633890 0 2
1523596633891 0 2
1523596633892 0 1
1523596633893 0 2
1523596633894 0 1
1523596633895 0 1
1523596633896 0 2
1523596633897 0 2
1523596633898 0 1
1523596633899 0 2
1523596633900 0 2
1523596633901 0 1
1523596633902 0 1
1523596633903 0 2
1523596633904 0 1
1523596633905 0 2
1523596633906 1 2
1523596633907 0 1
1523596633908 0 2
1523596633909 0 1
1523596633910 0 2
1523596633911 1 2
1523596633912 0 2
1523596633913 0 1
1523596633914 0 2
1523596633915 0 1
1523596633916 0 2
1523596633917 0 2
1523596633918 1 1
1523596633919 0 2
1523596633920 0 2
1523596633921 0 1
1523596633922 0 2
1523596633923 0 2
1523596633924 0 1
1523596633925 0 2
1523596633926 1 2
1523596633927 0 1
1523596633928 0 2
1523596633929 0 3
1523596633930 0 2
1523596633931 0 1
1523596633932 1 2
1523596633933 0 2
1523596633934 0 2
1523596633935 0 2
1523596633936 0 1
1523596633937 0 2
1523596633938 0 1
1523596633940 0 2
1523596633941 0 2
1523596633941 0 2
1523596633943 1 1
1523596633944 0 2
1523596633945 0 2
1523596633946 0 2
1523596633947 0 1
1523596633948 0 3
1523596633949 0 2
1523596633950 0 2
1523596633951 1 1
1523596633951 0 2
1523596633952 0 2
1523596633954 0 1
1523596633955 0 2
1523596633956 0 1
1523596633957 0 2
1523596633958 0 2
1523596633958 0 1
1523596633960 0 2
1523596633960 1 1
1523596633961 0 2
1523596633962 0 2
1523596633963 0 1
1523596633964 0 2
1523596633966 0 1
1523596633966 0 2
1523596633967 0 1
1523596633969 1 1
1523596633969 0 2
1523596633970 0 2
1523596633971 0 1
1523596633972 0 2
1523596633974 1 2
1523596633974 0 2
1523596633975 0 2
1523596633976 0 1
1523596633977 0 2
1523596633978 1 1
1523596633979 0 2
1523596633980 0 1
1523596633981 0 2
1523596633982 0 2
1523596633983 0 1
1523596633984 1 2
1523596633985 0 1
1523596633986 0 2
1523596633987 0 1
1523596633988 1 2
1523596633989 0 1
1523596633990 0 2
1523596633991 0 1
1523596633992 0 2
1523596633993 1 1
1523596633994 0 1
1523596633995 0 2
1523596633996 0 1
1523596633997 0 2
1523596633998 0 1
1523596633999 1 2
1523596634000 0 1
1523596634001 0 2
1523596634002 1 2
1523596634003 0 1
1523596634004 0 2
1523596634005 0 1
1523596634006 1 2
1523596634007 0 1
1523596634008 0 2
1523596634009 1 1
1523596634010 0 2
1523596634011 0 1
1523596634012 0 2
1523596634013 1 2
1523596634014 0 2
1523596634015 0 1
1523596634016 1 2
1523596634017 0 1
1523596634018 0 2
1523596634019 1 1
1523596634020 0 2
1523596634021 0 1
1523596634022 1 2
1523596634023 0 1
1523596634024 0 1
1523596634025 0 2
1523596634026 0 1
1523596634027 1 2
1523596634028 0 1
1523596634029 0 2
1523596634030 0 1
1523596634031 1 1
1523596634032 0 2
1523596634033 0 2
1523596634034 1 1
1523596634035 0 1
1523596634036 0 2
1523596634037 0 1
1523596634038 1 2
1523596634039 0 1
1523596634040 0 2
1523596634041 0 1
1523596634042 1 1
1523596634043 0 2
1523596634044 0 1
1523596634045 1 2
1523596634046 0 1
1523596634047 0 1
1523596634048 0 2
1523596634049 0 1
1523596634050 1 3
1523596634051 0 1
1523596634052 1 2
1523596634053 0 1
1523596634054 0 1
1523596634055 0 1
1523596634056 1 1
1523596634057 0 2
1523596634058 0 1
1523596634059 0 1
1523596634060 1 2
1523596634061 0 1
1523596634062 0 1
1523596634063 1 2
1523596634064 0 2
1523596634065 0 1
1523596634066 0 1
1523596634067 1 2
1523596634068 0 1
1523596634069 0 1
1523596634070 0 1
1523596634071 1 2
1523596634072 0 1
1523596634073 0 1
1523596634074 0 1
1523596634075 1 2
1523596634076 0 1
1523596634077 0 1
1523596634078 1 1
1523596634079 0 2
1523596634080 0 1
1523596634081 0 1
1523596634082 0 1
1523596634083 1 2
1523596634084 0 1
1523596634085 1 1
1523596634086 0 2
1523596634087 0 1
1523596634088 0 1
1523596634089 0 1
1523596634090 1 2
1523596634091 0 1
1523596634092 0 1
1523596634093 1 1
1523596634094 0 1
1523596634095 0 2
1523596634096 0 1
1523596634097 1 1
1523596634098 0 2
1523596634099 0 1
1523596634100 1 1
1523596634101 0 1
1523596634102 0 1
1523596634103 0 2
1523596634104 1 1
1523596634105 0 1
1523596634106 0 1
1523596634107 0 2
1523596634108 1 1
1523596634109 0 1
1523596634110 1 2
1523596634111 0 1
1523596634112 0 1
1523596634113 0 1
1523596634114 1 2
1523596634115 0 1
1523596634116 1 1
1523596634117 0 2
1523596634118 0 1
1523596634119 0 1
1523596634120 1 2
1523596634122 1 2
1523596634123 0 2
1523596634124 0 1
1523596634125 0 1
1523596634126 1 2
1523596634127 0 1
1523596634128 1 2
1523596634129 0 1
1523596634130 0 1
1523596634131 1 1
1523596634132 0 2
1523596634133 0 1
1523596634134 1 1
1523596634135 0 2
1523596634136 0 1
1523596634137 1 1
1523596634138 0 1
1523596634139 0 1
1523596634140 0 2
1523596634141 1 1
1523596634142 0 1
1523596634143 0 2
1523596634144 1 1
1523596634145 0 1
1523596634146 0 1
1523596634147 0 2
1523596634148 1 1
1523596634149 0 1
1523596634150 0 1
1523596634151 1 1
1523596634152 0 2
1523596634153 0 1
1523596634154 1 1
1523596634155 0 1
1523596634156 0 2
1523596634157 1 1
1523596634158 0 1
1523596634159 0 2
1523596634160 0 1
1523596634161 1 1
1523596634162 0 1
1523596634163 0 1
1523596634164 1 1
1523596634165 0 2
1523596634166 0 1
1523596634167 0 1
1523596634168 1 1
1523596634169 0 1
1523596634170 0 1
1523596634171 1 2
1523596634173 0 2
1523596634174 0 1
1523596634175 1 1
1523596634176 0 1
1523596634177 0 1
1523596634178 0 1
1523596634179 1 1
1523596634180 0 1
1523596634181 0 2
1523596634182 1 1
1523596634183 0 1
1523596634184 0 1
1523596634185 0 2
1523596634186 1 1
1523596634187 0 2
1523596634188 0 1
1523596634189 1 1
1523596634190 0 1
1523596634191 0 1
1523596634192 1 2
1523596634193 0 1
1523596634194 0 1
1523596634195 1 2
1523596634197 0 2
1523596634198 0 1
1523596634199 1 1
1523596634200 0 2
1523596634201 0 1
1523596634202 1 2
1523596634203 0 1
1523596634204 0 1
1523596634205 1 1
1523596634206 0 2
1523596634207 1 1
1523596634208 0 1
1523596634209 0 2
1523596634210 1 1
1523596634211 0 1
1523596634212 0 2
1523596634213 1 1
1523596634214 0 1
1523596634215 1 2
1523596634216 0 1
1523596634217 0 1
1523596634218 1 2
1523596634219 0 1
1523596634220 0 1
1523596634221 1 2
1523596634222 0 1
1523596634223 0 1
1523596634224 1 1
1523596634225 0 2
1523596634226 1 1
1523596634227 0 1
1523596634228 0 2
1523596634229 1 1
1523596634230 0 1
1523596634231 0 1
1523596634232 1 2
1523596634233 0 2
1523596634234 1 1
1523596634235 0 1
1523596634236 0 1
1523596634237 1 1
1523596634238 0 2
1523596634239 0 1
1523596634240 1 1
1523596634241 0 2
1523596634243 1 2
1523596634244 0 1
1523596634245 0 1
1523596634246 1 1
1523596634247 0 2
1523596634248 0 1
1523596634249 1 1
1523596634250 0 1
1523596634251 0 1
1523596634252 0 1
1523596634253 0 1
1523596634254 1 2
1523596634255 0 1
1523596634256 0 1
1523596634257 1 1
1523596634258 0 1
1523596634259 0 1
1523596634260 0 1
1523596634261 1 1
1523596634262 0 1
1523596634263 0 1
1523596634264 0 1
1523596634265 0 2
1523596634266 1 0
1523596634267 0 2
1523596634269 0 1
1523596634270 1 1
1523596634271 0 1
1523596634272 0 1
1523596634273 0 2
1523596634274 0 1
1523596634275 1 1
1523596634276 0 1
1523596634278 0 1
1523596634279 0 2
1523596634280 0 1
1523596634281 0 1
1523596634282 0 1
1523596634283 0 1
1523596634284 0 1
1523596634286 1 1
1523596634287 0 1
1523596634288 0 1
1523596634289 0 1
1523596634290 0 1
1523596634291 0 1
1523596634292 0 1
1523596634294 0 1
1523596634295 0 1
1523596634296 0 1
1523596634298 0 1
1523596634299 0 1
1523596634300 0 1
1523596634301 0 1
1523596634302 0 1
1523596634304 0 1
1523596634305 0 1
1523596634306 0 1
1523596634307 0 1
1523596634308 0 1
1523596634310 0 2
1523596634312 0 1
1523596634313 0 1
1523596634314 0 1
1523596634315 0 2
1523596634316 0 1
1523596634317 0 1
1523596634318 0 1
1523596634319 0 1
1523596634320 0 1
1523596634321 0 1
1523596634323 0 2
1523596634325 0 1
1523596634326 0 2
1523596634328 0 1
1523596634329 0 1
1523596634330 0 1
1523596634331 0 1
1523596634332 0 1
1523596634333 0 1
1523596634334 0 1
1523596634335 0 1
1523596634336 0 1
1523596634337 0 1
1523596634339 0 1
1523596634341 0 1
1523596634342 0 1
1523596634342 0 1
1523596634344 0 1
1523596634345 0 1
1523596634346 0 1
1523596634347 0 1
1523596634349 0 1
1523596634350 0 1
1523596634352 0 1
1523596634354 0 1
1523596634355 -1 0
1523596634356 0 1
1523596634358 0 1
1523596634360 0 1
1523596634362 0 1
1523596634365 0 1
1523596634368 0 1
1523596634369 -1 0
1523596634372 0 1
1523596634377 0 1
1523596634378 -1 0
1523596634386 -1 0
1523596634389 -1 1
1523596634393 -1 0
1523596634395 -1 0
1523596634397 -1 0
1523596634398 -1 0
1523596634400 -1 0
1523596634401 -1 0
1523596634403 -1 0
1523596634404 -1 0
1523596634405 -1 0
1523596634407 -1 0
1523596634408 -1 -1
1523596634410 -2 0
1523596634412 -2 0
1523596634414 -2 -1
1523596634416 -1 0
1523596634417 -1 0
1523596634418 -1 0
1523596634419 -1 0
1523596634420 -1 -1
1523596634421 -1 0
1523596634422 -1 0
1523596634423 -1 0
1523596634424 -1 0
1523596634425 -2 0
1523596634426 -1 0
1523596634427 -1 0
1523596634428 -1 0
1523596634429 -1 0
1523596634430 -1 0
1523596634431 -1 0
1523596634432 -2 -1
1523596634433 -1 0
1523596634434 -1 0
1523596634435 -1 0
1523596634436 -1 0
1523596634437 -2 0
1523596634438 -1 0
1523596634439 -1 0
1523596634440 -1 0
1523596634441 -1 0
1523596634442 -1 0
1523596634443 -1 0
1523596634444 -1 0
1523596634445 -1 0
1523596634446 -1 0
1523596634447 -1 0
1523596634448 -1 0
1523596634449 -1 0
1523596634450 -1 0
1523596634451 -1 0
1523596634452 -2 0
1523596634454 -1 0
1523596634455 -1 0
1523596634456 -1 0
1523596634457 -1 0
1523596634458 -1 0
1523596634459 -1 0
1523596634460 -1 0
1523596634461 -1 0
1523596634462 -1 0
1523596634463 -1 0
1523596634464 -1 0
1523596634465 -1 0
1523596634466 -1 0
1523596634467 -1 0
1523596634468 -1 0
1523596634469 -2 0
1523596634470 -1 0
1523596634471 -1 0
1523596634472 -1 0
1523596634473 -1 0
1523596634474 -1 0
1523596634475 -2 0
1523596634477 -2 0
1523596634478 -1 0
1523596634479 -1 0
1523596634480 -1 0
1523596634481 -1 0
1523596634482 -2 0
1523596634485 -2 0
1523596634485 -1 0
1523596634486 -1 0
1523596634487 -1 0
1523596634488 -1 0
1523596634489 -2 0
1523596634490 -1 0
1523596634491 -1 0
1523596634492 -2 0
1523596634493 -1 0
1523596634494 -2 0
1523596634495 -1 0
1523596634497 -1 0
1523596634497 -2 0
1523596634499 -1 0
1523596634500 -2 0
1523596634501 -1 0
1523596634502 -2 0
1523596634503 -1 0
1523596634504 -2 0
1523596634505 -3 0
1523596634505 -1 0
1523596634507 -2 0
1523596634508 -2 0
1523596634508 -1 0
1523596634509 -2 0
1523596634511 -2 0
1523596634511 -2 0
1523596634513 -1 0
1523596634514 -2 0
1523596634514 -1 0
1523596634516 -2 0
1523596634516 -2 0
1523596634517 -1 0
1523596634518 -2 0
1523596634519 -2 0
1523596634521 -2 0
1523596634521 -2 0
1523596634522 -1 0
1523596634523 -2 0
1523596634524 -2 0
1523596634525 -2 0
1523596634526 -2 0
1523596634527 -2 0
1523596634528 -2 0
1523596634529 -2 0
1523596634530 -2 0
1523596634531 -2 0
1523596634532 -2 0
1523596634533 -2 0
1523596634534 -2 0
1523596634535 -2 0
1523596634536 -2 0
1523596634537 -1 0
1523596634538 -1 0
1523596634539 -2 0
1523596634541 -4 0
1523596634541 -2 0
1523596634542 -2 0
1523596634543 -2 0
1523596634544 -1 0
1523596634545 -2 0
1523596634546 -2 0
1523596634547 -1 0
1523596634548 -2 0
1523596634549 -2 0
1523596634550 -1 0
1523596634551 -2 1
1523596634552 -2 0
1523596634553 -1 0
1523596634554 -2 0
1523596634555 -1 0
1523596634556 -2 0
1523596634557 -1 1
1523596634558 -2 0
1523596634559 -2 0
1523596634560 -1 0
1523596634561 -1 1
1523596634562 -2 0
1523596634563 -1 0
1523596634564 -2 0
1523596634565 -2 0
1523596634566 -1 0
1523596634567 -1 0
1523596634568 -2 1
1523596634569 -1 0
1523596634570 -1 0
1523596634571 -2 0
1523596634572 -1 0
1523596634573 -1 1
1523596634574 -1 0
1523596634575 -2 0
1523596634576 -1 0
1523596634577 -1 0
1523596634578 -2 1
1523596634579 -1 0
1523596634580 -1 0
1523596634581 -1 0
1523596634582 -2 0
1523596634583 -1 0
1523596634584 -1 0
1523596634585 -1 0
1523596634586 -1 0
1523596634587 -1 0
1523596634588 -1 0
1523596634589 -2 0
1523596634590 0 1
1523596634591 -2 0
1523596634592 -1 0
1523596634593 -1 0
1523596634594 -2 0
1523596634596 -1 0
1523596634597 -1 0
1523596634598 -1 0
1523596634599 -1 0
1523596634600 -1 0
1523596634601 -1 0
1523596634602 -1 0
1523596634603 -1 0
1523596634604 -1 0
1523596634605 -1 0
1523596634606 -2 0
1523596634607 -1 0
1523596634608 -1 0
1523596634609 -1 0
1523596634610 -1 0
1523596634611 -1 0
1523596634612 -1 0
1523596634613 -1 0
1523596634614 -1 0
1523596634615 -1 0
1523596634616 -2 0
1523596634617 -1 0
1523596634618 -2 0
1523596634619 -1 -1
1523596634620 -1 0
1523596634621 -2 0
1523596634622 -1 0
1523596634623 -1 0
1523596634624 -2 0
1523596634625 -1 -1
1523596634626 -1 0
1523596634627 -2 0
1523596634628 -1 -1
1523596634629 -2 0
1523596634630 -1 0
1523596634631 -2 0
1523596634632 -2 -1
1523596634633 -1 0
1523596634634 -1 0
1523596634635 -2 0
1523596634636 -2 0
1523596634637 -2 -1
1523596634638 -1 0
1523596634639 -2 0
1523596634640 -2 -1
1523596634641 -1 0
1523596634642 -1 0
1523596634643 -2 0
1523596634644 -2 0
1523596634645 -1 0
1523596634646 -2 0
1523596634647 -1 -1
1523596634648 -2 0
1523596634649 -1 0
1523596634650 -1 0
1523596634651 -2 0
1523596634652 -1 0
1523596634653 -1 0
1523596634654 -1 0
1523596634655 -1 0
1523596634656 -2 0
1523596634657 -1 -1
1523596634658 -1 0
1523596634659 -2 0
1523596634660 -1 0
1523596634661 -1 0
1523596634662 -1 0
1523596634663 -1 0
1523596634664 -2 0
1523596634665 -1 0
1523596634666 -1 0
1523596634667 -1 0
1523596634668 -1 0
1523596634669 -2 0
1523596634671 -2 0
1523596634672 -1 0
1523596634673 -1 0
1523596634674 -1 0
1523596634675 -1 0
1523596634676 -2 0
1523596634677 -2 0
1523596634678 -1 0
1523596634679 -1 0
1523596634680 -1 0
1523596634681 -1 0
1523596634682 -1 0
1523596634683 -1 0
1523596634684 -1 0
1523596634685 -1 0
1523596634686 -1 0
1523596634687 -1 0
1523596634688 -1 0
1523596634689 -1 0
1523596634690 -1 0
1523596634691 -1 0
1523596634693 -1 0
1523596634694 -1 0
1523596634695 -1 0
1523596634697 -1 0
1523596634698 -1 0
1523596634700 -1 0
1523596634701 -1 0
1523596634703 -1 0
1523596634705 -1 0
1523596634707 -1 0
1523596634708 -1 0
1523596634711 -1 0
1523596634713 -1 0
1523596634716 -1 0
1523596634718 -1 0
1523596634722 -1 0
1523596634725 -1 0
1523596634729 -1 0
1523596634732 -1 0
1523596634736 -1 0
1523596634739 -1 0
1523596634742 -1 0
1523596634745 -1 0
1523596634748 -1 0
1523596634751 -1 0
1523596634754 -1 0
1523596634757 -1 0
1523596634761 -1 0
1523596634766 -1 0
1523596634771 -1 0
1523596634787 0 1
1523596634811 -1 0
1523596634828 0 1
1523596634838 0 1
1523596634842 1 0
1523596634853 1 0
1523596634858 0 1
1523596634861 1 0
1523596634869 1 0
1523596634870 0 1
1523596634873 1 0
1523596634877 1 0
1523596634880 1 0
1523596634881 0 1
1523596634883 1 0
1523596634887 1 1
1523596634888 1 0
1523596634891 1 0
1523596634892 1 1
1523596634894 1 0
1523596634897 1 0
1523596634897 0 1
1523596634900 1 0
1523596634902 1 0
1523596634903 0 1
1523596634904 1 0
1523596634907 1 0
1523596634909 0 1
1523596634910 1 0
1523596634914 1 0
1523596634916 0 1
1523596634920 1 0
1523596634926 1 0
1523596634937 0 1
1523596634948 1 0
1523596634973 1 0
1523596634977 0 1
1523596634981 1 0
1523596634988 1 0
1523596634990 0 1
1523596634993 1 0
1523596634996 1 0
1523596634998 0 1
1523596634999 1 0
1523596635001 1 0
1523596635004 1 0
1523596635005 0 1
1523596635006 1 0
1523596635009 1 0
1523596635010 0 1
1523596635012 1 0
1523596635014 1 0
1523596635017 1 0
1523596635018 0 1
1523596635020 1 0
1523596635023 1 1
1523596635027 1 0
1523596635030 1 0
1523596635031 0 1
1523596635033 1 0
1523596635037 1 0
1523596635038 0 1
1523596635040 1 0
1523596635043 1 0
1523596635045 1 0
1523596635046 0 1
1523596635048 1 0
1523596635050 0 1
1523596635051 1 0
1523596635054 1 0
1523596635056 1 0
1523596635057 0 1
1523596635059 1 0
1523596635061 1 1
1523596635063 1 0
1523596635065 1 0
1523596635067 0 1
1523596635068 1 0
1523596635070 1 0
1523596635072 1 0
1523596635073 0 1
1523596635075 1 0
1523596635078 1 0
1523596635080 1 1
1523596635082 1 0
1523596635086 1 0
1523596635086 0 1
1523596635088 1 0
1523596635090 1 0
1523596635091 0 1
1523596635092 1 0
1523596635095 1 0
1523596635098 1 1
1523596635101 1 0
1523596635103 1 0
1523596635103 0 1
1523596635108 1 0
1523596635110 1 0
1523596635112 0 1
1523596635114 1 0
1523596635116 1 0
1523596635116 0 1
1523596635119 1 0
1523596635120 1 0
1523596635122 1 0
1523596635123 0 1
1523596635125 1 0
1523596635128 1 0
1523596635128 0 1
1523596635129 1 0
1523596635133 1 0
1523596635134 1 0
1523596635135 0 1
1523596635136 1 0
1523596635140 1 1
1523596635141 1 0
1523596635143 1 0
1523596635145 0 1
1523596635146 1 0
1523596635149 1 0
1523596635151 1 1
1523596635153 1 0
1523596635155 1 0
1523596635158 1 1
1523596635159 1 0
1523596635162 1 1
1523596635163 1 0
1523596635165 1 0
1523596635167 1 1
1523596635168 1 0
1523596635170 1 0
1523596635172 0 1
1523596635173 1 0
1523596635173 1 0
1523596635175 1 0
1523596635176 1 0
1523596635177 0 1
1523596635179 1 0
1523596635180 1 0
1523596635181 0 1
1523596635182 1 0
1523596635183 1 0
1523596635184 1 0
1523596635185 1 0
1523596635187 1 1
1523596635188 1 0
1523596635189 1 0
1523596635191 1 1
1523596635192 1 0
1523596635193 1 0
1523596635194 1 0
1523596635196 2 1
1523596635198 1 0
1523596635199 1 1
1523596635200 1 0
1523596635201 1 0
1523596635202 1 0
1523596635203 1 0
1523596635204 0 1
1523596635205 2 0
1523596635207 1 1
1523596635209 1 0
1523596635209 1 0
1523596635210 1 0
1523596635211 1 0
1523596635212 1 1
1523596635213 1 0
1523596635214 1 0
1523596635215 1 0
1523596635216 1 1
1523596635217 1 0
1523596635219 1 0
1523596635220 2 1
1523596635222 1 0
1523596635223 1 0
1523596635224 1 1
1523596635225 1 0
1523596635226 1 0
1523596635227 1 0
1523596635228 1 0
1523596635229 1 1
1523596635231 2 1
1523596635233 1 0
1523596635234 1 0
1523596635235 1 0
1523596635236 1 1
1523596635237 1 0
1523596635238 1 0
1523596635239 1 0
1523596635240 1 1
1523596635241 1 0
1523596635243 2 1
1523596635245 1 0
1523596635246 1 0
1523596635247 1 1
1523596635248 1 0
1523596635249 1 0
1523596635250 1 0
1523596635251 1 1
1523596635252 1 0
1523596635253 1 0
1523596635254 2 1
1523596635255 1 0
1523596635256 1 0
1523596635257 1 1
1523596635258 1 0
1523596635259 1 0
1523596635260 1 0
1523596635261 1 1
1523596635262 1 0
1523596635263 2 0
1523596635265 2 1
1523596635266 1 0
1523596635267 1 0
1523596635268 1 0
1523596635269 1 1
1523596635270 1 0
1523596635271 1 0
1523596635272 1 0
1523596635273 1 1
1523596635274 1 0
1523596635275 1 0
1523596635276 1 1
1523596635277 2 0
1523596635278 1 0
1523596635279 1 0
1523596635280 1 0
1523596635281 1 1
1523596635282 1 0
1523596635283 2 0
1523596635284 1 1
1523596635285 1 0
1523596635286 1 0
1523596635287 1 0
1523596635288 2 0
1523596635289 1 1
1523596635290 1 0
1523596635291 1 0
1523596635292 2 0
1523596635293 1 1
1523596635294 1 0
1523596635295 2 0
1523596635296 2 0
1523596635297 1 1
1523596635298 1 0
1523596635299 2 0
1523596635300 1 0
1523596635301 1 1
1523596635302 2 0
1523596635303 1 0
1523596635304 2 0
1523596635305 1 0
1523596635306 1 1
1523596635307 2 0
1523596635308 1 0
1523596635309 1 0
1523596635310 2 1
1523596635311 1 0
1523596635312 1 0
1523596635313 2 0
1523596635314 1 0
1523596635315 2 1
1523596635316 1 0
1523596635317 1 0
1523596635318 2 0
1523596635319 1 1
1523596635320 1 0
1523596635321 2 0
1523596635322 1 0
1523596635323 1 1
1523596635324 2 0
1523596635325 1 0
1523596635326 2 0
1523596635327 1 0
1523596635328 1 1
1523596635329 1 0
1523596635330 2 0
1523596635331 1 1
1523596635332 1 0
1523596635333 1 0
1523596635334 1 0
1523596635335 2 0
1523596635336 1 0
1523596635337 1 1
1523596635338 1 0
1523596635339 1 0
1523596635340 2 0
1523596635341 1 0
1523596635342 1 1
1523596635343 1 0
1523596635344 1 0
1523596635345 1 0
1523596635346 1 0
1523596635347 1 1
1523596635348 1 0
1523596635349 1 0
1523596635350 1 0
1523596635351 2 0
1523596635353 2 1
1523596635355 2 0
1523596635357 2 0
1523596635358 1 0
1523596635359 1 1
1523596635360 1 0
1523596635361 1 0
1523596635362 1 0
1523596635363 1 1
1523596635364 1 0
1523596635365 1 0
1523596635366 1 0
1523596635367 1 1
1523596635368 1 0
1523596635369 2 0
1523596635370 1 0
1523596635371 1 0
1523596635372 1 0
1523596635373 1 1
1523596635374 1 0
1523596635375 1 0
1523596635376 2 1
1523596635377 2 0
1523596635378 1 0
1523596635379 1 0
1523596635380 1 0
1523596635381 1 1
1523596635382 1 0
1523596635383 1 0
1523596635384 1 0
1523596635385 1 0
1523596635386 1 1
1523596635387 2 0
1523596635388 1 0
1523596635389 1 0
1523596635390 1 1
1523596635391 1 0
1523596635392 1 0
1523596635393 2 0
1523596635394 2 0
1523596635395 1 0
1523596635396 1 0
1523596635397 1 0
1523596635398 2 1
1523596635399 1 0
1523596635400 1 0
1523596635401 1 1
1523596635402 2 0
1523596635403 1 0
1523596635404 1 0
1523596635405 1 0
1523596635406 2 0
1523596635407 1 0
1523596635408 1 0
1523596635409 1 1
1523596635410 2 0
1523596635411 1 0
1523596635412 1 0
1523596635413 1 0
1523596635414 2 1
1523596635415 1 0
1523596635416 1 0
1523596635417 2 0
1523596635418 1 0
1523596635419 1 0
1523596635420 1 0
1523596635421 1 1
1523596635422 2 0
1523596635423 1 0
1523596635424 1 0
1523596635425 1 0
1523596635426 1 1
1523596635427 1 0
1523596635428 2 0
1523596635430 2 0
1523596635432 2 0
1523596635433 1 0
1523596635434 1 0
1523596635435 1 1
1523596635436 1 0
1523596635437 1 0
1523596635438 1 0
1523596635439 1 0
1523596635440 1 0
1523596635441 1 1
1523596635442 1 0
1523596635443 1 0
1523596635445 1 0
1523596635446 1 0
1523596635447 1 0
1523596635448 1 0
1523596635449 1 0
1523596635450 1 0
1523596635451 1 1
1523596635452 1 0
1523596635453 1 0
1523596635455 1 0
1523596635456 1 0
1523596635457 1 0
1523596635458 1 1
1523596635459 1 0
1523596635460 1 0
1523596635461 1 0
1523596635463 2 0
1523596635465 2 0
1523596635466 1 1
1523596635467 1 0
1523596635468 1 0
1523596635469 1 0
1523596635470 1 0
1523596635471 1 1
1523596635472 1 0
1523596635473 1 0
1523596635474 1 0
1523596635475 2 0
1523596635476 1 0
1523596635477 1 1
1523596635478 1 0
1523596635479 1 0
1523596635480 1 0
1523596635481 2 0
1523596635482 1 1
1523596635483 1 0
1523596635484 1 0
1523596635485 2 0
1523596635486 1 1
1523596635487 1 0
1523596635488 2 0
1523596635489 1 0
1523596635490 1 0
1523596635491 1 0
1523596635492 2 1
1523596635493 1 0
1523596635494 1 0
1523596635496 2 0
1523596635496 1 1
1523596635498 2 0
1523596635498 1 0
1523596635500 3 0
1523596635501 1 0
1523596635501 1 1
1523596635503 1 0
1523596635504 2 0
1523596635505 1 0
1523596635506 1 0
1523596635507 2 1
1523596635508 2 0
1523596635509 1 0
1523596635510 1 0
1523596635511 2 0
1523596635511 1 0
1523596635513 2 1
1523596635513 2 0
1523596635515 1 0
1523596635515 2 0
1523596635517 1 1
1523596635517 2 0
1523596635519 1 0
1523596635519 2 0
1523596635521 1 0
1523596635522 2 0
1523596635523 2 1
1523596635523 1 0
1523596635525 2 0
1523596635526 1 0
1523596635526 2 0
1523596635527 1 1
1523596635528 2 0
1523596635529 1 0
1523596635530 1 0
1523596635532 1 0
1523596635532 2 0
1523596635533 1 0
1523596635534 1 0
1523596635535 1 1
1523596635536 1 0
1523596635537 1 0
1523596635538 1 0
1523596635539 1 0
1523596635540 1 0
1523596635541 2 1
1523596635544 1 0
1523596635544 1 0
1523596635545 1 0
1523596635547 1 0
1523596635548 1 0
1523596635550 1 0
1523596635553 1 0
1523596635556 1 0
1523596635558 1 0
1523596635561 1 1
1523596635566 1 0
1523596635569 1 0
1523596635573 1 0
1523596635575 0 1
1523596635576 1 0
1523596635581 1 0
1523596635585 1 0
1523596635588 1 0
1523596635592 1 1
1523596635594 1 0
1523596635596 1 0
1523596635598 0 1
1523596635598 1 0
1523596635600 1 0
1523596635602 1 0
1523596635604 1 0
1523596635606 1 1
1523596635608 1 0
1523596635609 1 0
1523596635611 1 0
1523596635612 0 1
1523596635613 1 0
1523596635615 1 0
1523596635617 1 0
1523596635618 1 0
1523596635620 1 1
1523596635623 1 0
1523596635625 1 0
1523596635627 1 0
1523596635629 1 0
1523596635631 1 0
1523596635634 1 0
1523596635636 1 0
1523596635638 1 0
1523596635639 0 1
1523596635641 1 0
1523596635643 1 0
1523596635646 1 0
1523596635650 1 0
1523596635675 1 0
1523596635685 1 0
1523596635700 -1 0
1523596635704 -1 0
1523596635708 -1 0
1523596635711 -1 0
1523596635714 -1 0
1523596635716 -1 -1
1523596635717 -1 0
1523596635720 -1 0
1523596635723 -1 0
1523596635725 -1 0
1523596635729 -1 0
1523596635731 -1 0
1523596635732 -1 0
1523596635734 -1 0
1523596635735 -1 0
1523596635737 -1 0
1523596635738 -1 0
1523596635740 -1 0
1523596635741 -1 0
1523596635743 -1 0
1523596635744 -1 0
1523596635745 -1 0
1523596635746 -1 0
1523596635748 -1 0
1523596635749 -1 0
1523596635750 -1 0
1523596635751 -1 0
1523596635752 -1 0
1523596635753 0 -1
1523596635754 -2 0
1523596635756 -2 0
1523596635758 -2 0
1523596635759 -1 0
1523596635760 -1 -1
1523596635762 -2 0
1523596635763 -1 -1
1523596635764 -1 0
1523596635765 -1 0
1523596635766 -2 0
1523596635767 -1 -1
1523596635768 -1 0
1523596635769 -1 0
1523596635770 -2 0
1523596635771 -1 -1
1523596635772 -1 0
1523596635773 -1 0
1523596635774 -2 0
1523596635775 -1 -1
1523596635776 -1 0
1523596635777 -2 0
1523596635778 -1 -1
1523596635779 -2 0
1523596635780 -2 -1
1523596635781 -1 0
1523596635782 -1 0
1523596635783 -2 -1
1523596635784 -1 0
1523596635785 -1 0
1523596635786 -1 0
1523596635787 -2 -1
1523596635788 -1 0
1523596635789 -1 0
1523596635790 -2 -1
1523596635791 -1 0
1523596635792 -1 0
1523596635793 -1 0
1523596635794 -1 0
1523596635795 -1 -1
1523596635796 -1 0
1523596635797 -1 0
1523596635799 -1 0
1523596635800 -1 0
1523596635801 -1 0
1523596635804 -1 0
1523596635805 0 -1
1523596635807 -1 0
1523596635840 -1 0
1523596635867 -1 0
1523596635874 -1 0
1523596635879 0 -1
1523596635887 -1 0
1523596635910 -1 0
1523596635913 -1 0
1523596635914 0 -1
1523596635915 -1 0
1523596635916 -1 0
1523596635918 -1 0
1523596635919 -1 0
1523596635921 -1 0
1523596635922 -1 0
1523596635923 -1 -1
1523596635924 -1 0
1523596635926 -1 0
1523596635927 -1 0
1523596635928 -1 0
1523596635929 -1 0
1523596635930 -1 0
1523596635931 -1 0
1523596635933 -2 0
1523596635935 -1 0
1523596635936 -1 0
1523596635937 -1 0
1523596635938 -1 0
1523596635940 -1 0
1523596635941 -1 0
1523596635942 -1 0
1523596635944 -1 0
1523596635945 -1 0
1523596635946 -1 0
1523596635948 -1 0
1523596635950 -1 0
1523596635952 -1 0
1523596635954 -1 0
1523596635956 -1 0
1523596635958 -1 0
1523596635960 -1 0
1523596635962 -1 0
1523596635965 -1 0
1523596635969 -1 0
1523596635973 -1 0
1523596635998 -1 0
1523596636020 -1 0
1523596636051 -1 0
1523596636057 -1 0
1523596636062 -1 0
1523596636065 -1 0
1523596636067 -1 0
1523596636070 -1 0
1523596636071 -1 0
1523596636073 -1 0
1523596636076 -1 0
1523596636078 -1 0
1523596636080 -1 0
1523596636082 -1 0
1523596636085 -1 0
1523596636087 -1 0
1523596636090 -1 0
1523596636092 -1 0
1523596636095 -1 0
1523596636097 0 1
1523596636098 -1 0
1523596636100 -1 0
1523596636105 -1 0
1523596636108 -1 0
1523596636115 -1 0
1523596636126 -1 0
1523596636140 -1 0
1523596636148 -1 0
1523596636160 -1 0
1523596636191 -1 0
1523596636196 -1 0
1523596636200 -1 0
1523596636203 -1 0
1523596636206 -1 0
1523596636209 -1 0
1523596636212 -1 0
1523596636216 -1 0
1523596636220 -1 0
1523596636224 -1 0
1523596636228 -1 0
1523596636233 -1 0
1523596636235 0 1
1523596636237 -1 0
1523596636241 -1 0
1523596636247 -1 0
1523596636254 -1 0
1523596636299 -1 0
1523596636302 -1 0
1523596636304 -1 0
1523596636305 -1 0
1523596636307 -1 0
1523596636308 -1 -1
1523596636309 -1 0
1523596636310 -1 0
1523596636311 -1 0
1523596636312 -1 0
1523596636313 -1 0
1523596636314 -1 0
1523596636315 -1 -1
1523596636316 -1 0
1523596636317 -1 0
1523596636318 -1 0
1523596636319 -2 0
1523596636320 -1 0
1523596636321 -1 -1
1523596636322 -2 0
1523596636323 -1 0
1523596636324 -2 0
1523596636325 -1 -1
1523596636326 -2 0
1523596636327 -1 0
1523596636328 -2 0
1523596636329 -2 -1
1523596636330 -2 0
1523596636331 -2 0
1523596636332 -2 0
1523596636333 -3 -1
1523596636334 -2 0
1523596636335 -2 0
1523596636336 -2 0
1523596636337 -2 -1
1523596636338 -2 0
1523596636339 -2 0
1523596636340 -2 0
1523596636341 -2 0
1523596636342 -2 -1
1523596636343 -2 0
1523596636344 -2 0
1523596636345 -2 0
1523596636346 -3 0
1523596636347 -2 0
1523596636348 -2 0
1523596636349 -2 0
1523596636350 -2 0
1523596636351 -1 0
1523596636352 -2 0
1523596636353 -2 0
1523596636354 -1 0
1523596636355 -2 0
1523596636356 -1 0
1523596636357 -2 0
1523596636358 -2 0
1523596636359 -1 0
1523596636360 -2 0
1523596636361 -1 0
1523596636362 -2 0
1523596636363 -1 0
1523596636364 -2 0
1523596636365 -1 0
1523596636366 -2 0
1523596636367 -1 0
1523596636368 -2 0
1523596636369 -1 0
1523596636370 -2 0
1523596636371 -1 0
1523596636372 -2 0
1523596636373 -1 0
1523596636374 -1 0
1523596636375 -1 0
1523596636376 -1 0
1523596636377 -2 0
1523596636378 -1 0
1523596636379 -1 0
1523596636380 -2 0
1523596636381 -1 0
1523596636382 -1 0
1523596636383 -1 0
1523596636384 -1 0
1523596636385 -3 0
1523596636387 -2 0
1523596636389 -2 0
1523596636391 -1 0
1523596636392 -1 0
1523596636393 -1 0
1523596636394 -1 0
1523596636396 -1 0
1523596636397 -1 0
1523596636399 -1 0
1523596636400 -1 0
1523596636403 -1 0
1523596636403 -1 0
1523596636406 -1 0
1523596636407 -1 0
1523596636409 -1 0
1523596636412 -1 0
1523596636413 0 -1
1523596636414 -1 0
1523596636417 -1 0
1523596636417 -1 0
1523596636419 0 -1
1523596636419 -1 0
1523596636422 -1 0
1523596636424 -1 0
1523596636425 -1 0
1523596636426 -1 -1
1523596636426 -1 0
1523596636429 -1 0
1523596636429 -1 -1
1523596636430 -1 0
1523596636431 -1 0
1523596636434 -2 0
1523596636434 0 -1
1523596636435 -1 0
1523596636436 -1 0
1523596636437 -1 -1
1523596636438 -1 0
1523596636440 -1 0
1523596636440 -1 0
1523596636441 -1 0
1523596636442 -1 -1
1523596636444 -1 0
1523596636444 -1 0
1523596636445 -1 0
1523596636446 -1 -1
1523596636447 -1 0
1523596636448 -1 0
1523596636449 -1 0
1523596636450 -2 0
1523596636451 -1 -1
1523596636452 -1 0
1523596636453 -2 0
1523596636454 -1 -1
1523596636455 -1 0
1523596636456 -2 0
1523596636457 -1 0
1523596636458 -3 -1
1523596636459 -2 0
1523596636460 -2 0
1523596636461 -1 0
1523596636462 -2 -1
1523596636463 -2 0
1523596636464 -2 0
1523596636465 -2 -1
1523596636466 -2 0
1523596636467 -2 0
1523596636468 -2 0
1523596636469 -1 -1
1523596636470 -2 0
1523596636471 -2 0
1523596636472 -3 0
1523596636473 -3 -1
1523596636474 -2 0
1523596636475 -2 0
1523596636476 -2 0
1523596636477 -2 -1
1523596636478 -2 0
1523596636479 -2 0
1523596636480 -2 0
1523596636481 -2 -1
1523596636482 -2 0
1523596636483 -2 0
1523596636484 -1 0
1523596636485 -2 0
1523596636486 -2 0
1523596636487 -2 -1
1523596636488 -2 0
1523596636489 -2 0
1523596636490 -1 0
1523596636491 -2 0
1523596636492 -1 0
1523596636493 -2 0
1523596636494 -1 0
1523596636495 -2 0
1523596636496 -2 0
1523596636498 -2 0
1523596636499 -1 0
1523596636500 -2 0
1523596636501 -1 0
1523596636502 -1 0
1523596636503 -2 0
1523596636504 -1 0
1523596636505 -1 0
1523596636506 -2 0
1523596636507 -2 0
1523596636508 -1 0
1523596636509 -1 0
1523596636510 -1 0
1523596636511 -1 0
1523596636512 -2 0
1523596636513 -1 0
1523596636514 -1 0
1523596636515 -1 0
1523596636516 -1 0
1523596636517 -1 -1
1523596636518 -1 0
1523596636519 -1 0
1523596636520 -2 0
1523596636522 -1 0
1523596636523 -1 0
1523596636524 -1 0
1523596636525 -1 0
1523596636526 -1 0
1523596636527 -1 -1
1523596636528 -1 0
1523596636530 -1 0
1523596636531 -1 0
1523596636532 -1 -1
1523596636533 -1 0
1523596636535 -1 0
1523596636536 -1 0
1523596636537 -1 0
1523596636538 -1 0
1523596636540 -1 -1
1523596636541 -2 0
1523596636542 -1 0
1523596636544 -1 0
1523596636545 -1 -1
1523596636546 -1 0
1523596636549 -1 0
1523596636550 -1 -1
1523596636551 -1 0
1523596636552 -1 0
1523596636553 -1 0
1523596636554 -1 -1
1523596636556 -2 0
1523596636557 0 -1
1523596636558 -2 0
1523596636559 -1 0
1523596636560 -1 -1
1523596636562 -2 0
1523596636563 -1 0
1523596636564 -1 -1
1523596636565 -1 0
1523596636566 -1 -1
1523596636567 -2 0
1523596636568 -1 0
1523596636569 -1 -1
1523596636570 -2 0
1523596636571 -1 0
1523596636572 -1 -1
1523596636573 -1 0
1523596636574 -1 0
1523596636575 -1 0
1523596636576 -1 -1
1523596636577 -1 0
1523596636579 -1 0
1523596636580 -1 0
1523596636583 -1 -1
1523596636585 -1 0
1523596636590 -1 0
1523596636621 -1 0
1523596636624 0 -1
1523596636644 -1 0
1523596636648 0 -1
1523596636654 -1 0
1523596636659 -1 0
1523596636846 0 -1
1523596636850 1 0
1523596636854 1 0
1523596636858 1 0
1523596636859 0 -1
1523596636862 1 0
1523596636865 1 0
1523596636869 1 0
1523596636873 1 -1
1523596636879 1 0
1523596636883 0 -1
1523596636885 1 0
1523596636892 1 0
1523596636896 0 0