1524891239706 0 1
1524891239710 0 1
1524891239715 0 1
1524891239718 0 1
1524891239721 0 1
1524891239723 0 1
1524891239725 0 1
1524891239726 0 1
1524891239728 0 1
1524891239729 0 1
1524891239730 0 1
1524891239732 0 1
1524891239733 0 1
1524891239734 1 1
1524891239735 0 1
1524891239736 0 1
1524891239737 0 1
1524891239738 0 1
1524891239739 0 1
1524891239741 0 2
1524891239743 0 2
1524891239745 0 1
1524891239746 0 1
1524891239747 0 1
1524891239748 0 1
1524891239749 0 1
1524891239750 0 2
1524891239752 0 2
1524891239754 0 2
1524891239756 0 2
1524891239757 0 1
1524891239758 0 1
1524891239759 0 1
1524891239760 0 1
1524891239761 0 1
1524891239762 0 2
1524891239764 0 2
1524891239765 0 1
1524891239766 0 2
1524891239768 0 2
1524891239770 0 1
1524891239771 0 1
1524891239772 0 1
1524891239773 0 1
1524891239774 0 1
1524891239775 0 1
1524891239776 0 1
1524891239777 0 2
1524891239778 0 1
1524891239779 0 1
1524891239780 0 1
1524891239781 0 1
1524891239782 0 1
1524891239783 0 1
1524891239784 0 2
1524891239785 0 1
1524891239786 0 1
1524891239787 0 2
1524891239789 0 2
1524891239790 0 1
1524891239791 0 1
1524891239792 0 1
1524891239793 0 1
1524891239794 1 1
1524891239795 0 2
1524891239796 0 1
1524891239797 0 1
1524891239798 0 1
1524891239799 0 1
1524891239800 0 1
1524891239801 0 1
1524891239802 0 2
1524891239803 0 1
1524891239804 0 1
1524891239805 0 1
1524891239806 0 2
1524891239807 1 1
1524891239808 0 1
1524891239809 0 1
1524891239810 0 2
1524891239811 1 1
1524891239812 0 1
1524891239813 0 1
1524891239814 0 1
1524891239815 0 1
1524891239816 0 2
1524891239817 1 1
1524891239818 0 1
1524891239819 0 1
1524891239820 0 1
1524891239821 1 2
1524891239822 0 1
1524891239823 0 1
1524891239824 0 2
1524891239825 1 1
1524891239826 0 2
1524891239827 0 1
1524891239828 0 1
1524891239829 1 1
1524891239830 0 2
1524891239831 0 1
1524891239832 0 1
1524891239833 1 2
1524891239834 0 1
1524891239835 0 1
1524891239836 1 1
1524891239837 0 2
1524891239838 0 1
1524891239839 0 1
1524891239840 0 1
1524891239841 1 2
1524891239842 0 1
1524891239843 0 1
1524891239844 0 2
1524891239845 0 1
1524891239846 1 1
1524891239847 0 2
1524891239848 0 1
1524891239849 0 2
1524891239851 1 2
1524891239852 0 1
1524891239853 0 1
1524891239854 0 1
1524891239855 1 1
1524891239856 0 2
1524891239857 0 1
1524891239858 0 1
1524891239859 0 1
1524891239860 0 1
1524891239861 0 1
1524891239862 0 1
1524891239863 0 1
1524891239864 0 1
1524891239865 1 1
1524891239866 0 2
1524891239868 0 1
1524891239869 0 1
1524891239870 0 1
1524891239871 1 1
1524891239872 0 1
1524891239873 0 1
1524891239874 0 1
1524891239875 0 1
1524891239876 0 1
1524891239877 0 1
1524891239878 0 1
1524891239879 0 1
1524891239880 0 1
1524891239881 0 1
1524891239882 0 1
1524891239883 0 1
1524891239884 1 0
1524891239885 0 2
1524891239887 0 1
1524891239888 0 1
1524891239889 0 1
1524891239890 0 1
1524891239891 0 1
1524891239892 0 1
1524891239893 1 1
1524891239894 0 1
1524891239895 0 1
1524891239896 0 1
1524891239897 0 1
1524891239898 0 1
1524891239899 0 1
1524891239900 0 1
1524891239901 0 1
1524891239902 0 1
1524891239903 0 1
1524891239904 1 1
1524891239905 0 1
1524891239906 0 1
1524891239907 0 1
1524891239908 0 1
1524891239909 0 1
1524891239910 1 1
1524891239911 0 1
1524891239912 0 2
1524891239914 0 1
1524891239915 0 1
1524891239916 0 2
1524891239918 0 2
1524891239920 0 2
1524891239921 0 1
1524891239922 1 1
1524891239923 0 1
1524891239924 0 1
1524891239925 0 1
1524891239926 0 1
1524891239927 0 1
1524891239928 0 1
1524891239929 0 2
1524891239930 0 1
1524891239931 0 1
1524891239932 0 1
1524891239933 0 1
1524891239934 1 1
1524891239935 0 1
1524891239936 0 1
1524891239937 0 1
1524891239938 0 1
1524891239939 0 1
1524891239940 0 1
1524891239941 0 1
1524891239942 0 1
1524891239943 0 1
1524891239944 0 1
1524891239945 0 1
1524891239946 0 1
1524891239947 0 1
1524891239948 0 1
1524891239949 0 2
1524891239951 0 2
1524891239952 1 1
1524891239953 0 1
1524891239954 0 1
1524891239955 0 1
1524891239956 0 1
1524891239957 0 1
1524891239958 0 1
1524891239959 0 1
1524891239960 0 1
1524891239962 0 2
1524891239963 0 1
1524891239964 0 1
1524891239965 0 1
1524891239966 0 1
1524891239967 0 1
1524891239968 0 1
1524891239969 0 1
1524891239970 0 1
1524891239971 0 1
1524891239972 1 1
1524891239973 0 1
1524891239974 0 1
1524891239975 0 1
1524891239976 0 1
1524891239977 0 1
1524891239978 0 1
1524891239979 0 1
1524891239980 1 1
1524891239981 0 1
1524891239982 0 1
1524891239983 0 1
1524891239984 0 1
1524891239985 0 1
1524891239986 0 1
1524891239987 0 1
1524891239988 1 1
1524891239989 0 1
1524891239990 0 1
1524891239991 0 1
1524891239992 0 1
1524891239993 1 1
1524891239994 0 1
1524891239995 0 1
1524891239996 0 2
1524891239997 0 1
1524891239998 0 1
1524891239999 0 1
1524891240000 1 1
1524891240001 0 1
1524891240002 0 1
1524891240003 0 1
1524891240004 1 1
1524891240005 0 1
1524891240006 0 2
1524891240007 0 1
1524891240008 0 1
1524891240009 1 1
1524891240010 0 1
1524891240011 0 1
1524891240012 0 1
1524891240013 0 1
1524891240014 1 1
1524891240015 0 2
1524891240016 1 1
1524891240017 0 1
1524891240018 0 1
1524891240019 0 1
1524891240020 0 1
1524891240021 0 1
1524891240022 1 2
1524891240023 0 1
1524891240024 0 1
1524891240025 1 1
1524891240026 0 2
1524891240027 0 1
1524891240028 0 1
1524891240029 1 2
1524891240030 0 1
1524891240031 0 1
1524891240032 0 1
1524891240033 0 2
1524891240034 1 1
1524891240035 0 1
1524891240036 0 1
1524891240037 0 2
1524891240038 1 1
1524891240039 0 1
1524891240040 0 1
1524891240041 0 1
1524891240042 0 2
1524891240043 1 1
1524891240044 0 1
1524891240045 0 2
1524891240046 0 1
1524891240047 1 2
1524891240048 0 1
1524891240049 0 2
1524891240050 1 2
1524891240051 0 2
1524891240052 0 2
1524891240053 1 1
1524891240054 0 2
1524891240055 0 1
1524891240056 0 2
1524891240057 1 1
1524891240058 0 2
1524891240059 0 1
1524891240060 0 2
1524891240061 0 1
1524891240062 1 2
1524891240063 0 2
1524891240064 0 1
1524891240065 1 2
1524891240066 0 2
1524891240067 0 1
1524891240068 0 2
1524891240069 0 2
1524891240070 1 1
1524891240071 0 2
1524891240072 0 2
1524891240073 1 2
1524891240074 0 1
1524891240075 0 2
1524891240076 0 2
1524891240077 1 2
1524891240078 0 2
1524891240079 0 2
1524891240080 0 1
1524891240081 1 2
1524891240082 0 2
1524891240083 0 2
1524891240084 0 1
1524891240085 1 2
1524891240086 0 2
1524891240087 0 1
1524891240088 0 2
1524891240089 1 2
1524891240090 0 1
1524891240091 0 2
1524891240092 0 2
1524891240093 1 2
1524891240094 0 1
1524891240095 0 1
1524891240096 0 2
1524891240097 0 1
1524891240098 1 2
1524891240099 0 2
1524891240100 1 2
1524891240101 0 1
1524891240102 0 2
1524891240103 0 2
1524891240104 0 1
1524891240105 1 2
1524891240106 0 2
1524891240107 1 3
1524891240108 0 1
1524891240109 0 2
1524891240110 1 2
1524891240111 0 1
1524891240112 0 1
1524891240113 0 2
1524891240114 1 2
1524891240115 0 1
1524891240116 0 2
1524891240117 1 1
1524891240118 0 2
1524891240119 0 1
1524891240120 1 2
1524891240121 0 1
1524891240122 0 2
1524891240123 0 1
1524891240124 1 2
1524891240125 0 1
1524891240126 1 2
1524891240127 0 1
1524891240128 0 2
1524891240129 0 1
1524891240130 0 2
1524891240131 1 1
1524891240132 0 1
1524891240133 0 2
1524891240134 1 1
1524891240135 0 2
1524891240136 0 2
1524891240137 1 2
1524891240138 0 1
1524891240139 0 2
1524891240140 0 1
1524891240141 1 2
1524891240143 0 3
1524891240144 1 1
1524891240145 0 1
1524891240146 0 2
1524891240147 0 1
1524891240148 0 1
1524891240149 0 2
1524891240150 1 1
1524891240151 0 1
1524891240152 0 2
1524891240153 0 1
1524891240154 0 1
1524891240155 0 2
1524891240156 0 1
1524891240157 0 1
1524891240158 1 2
1524891240159 0 1
1524891240160 0 1
1524891240161 0 2
1524891240162 0 1
1524891240163 0 1
1524891240164 0 2
1524891240165 0 1
1524891240166 0 1
1524891240167 0 2
1524891240168 0 1
1524891240169 0 1
1524891240170 0 2
1524891240171 0 1
1524891240172 0 2
1524891240173 0 1
1524891240174 0 1
1524891240175 0 2
1524891240177 0 2
1524891240178 0 1
1524891240179 0 1
1524891240180 0 2
1524891240181 0 1
1524891240182 0 1
1524891240183 0 1
1524891240184 0 1
1524891240185 0 1
1524891240186 0 2
1524891240187 0 1
1524891240188 0 1
1524891240189 0 1
1524891240190 0 2
1524891240192 0 2
1524891240193 0 1
1524891240194 0 1
1524891240195 0 1
1524891240196 0 1
1524891240197 0 1
1524891240198 0 2
1524891240199 -1 1
1524891240200 0 1
1524891240201 0 2
1524891240203 0 2
1524891240205 -1 2
1524891240207 0 2
1524891240209 0 2
1524891240211 0 1
1524891240212 -1 1
1524891240213 0 1
1524891240214 0 1
1524891240215 0 1
1524891240216 0 1
1524891240217 -1 1
1524891240218 0 1
1524891240219 0 1
1524891240220 0 1
1524891240221 0 1
1524891240222 0 1
1524891240223 0 1
1524891240224 0 1
1524891240225 0 1
1524891240226 0 1
1524891240227 0 1
1524891240228 0 1
1524891240229 0 1
1524891240230 0 1
1524891240231 0 1
1524891240232 0 1
1524891240233 0 1
1524891240234 0 2
1524891240236 0 2
1524891240238 -1 2
1524891240239 0 1
1524891240240 0 1
1524891240241 0 1
1524891240242 0 1
1524891240243 0 1
1524891240244 0 1
1524891240245 0 1
1524891240246 0 2
1524891240248 0 2
1524891240250 0 2
1524891240251 0 1
1524891240252 0 1
1524891240253 1 1
1524891240254 0 1
1524891240255 0 1
1524891240257 0 2
1524891240258 0 1
1524891240259 0 1
1524891240260 0 1
1524891240261 0 1
1524891240262 1 1
1524891240263 0 1
1524891240264 0 1
1524891240265 0 1
1524891240266 1 1
1524891240267 0 1
1524891240268 0 1
1524891240269 0 1
1524891240270 0 1
1524891240271 0 3
1524891240272 1 0
1524891240273 0 2
1524891240274 0 1
1524891240275 0 1
1524891240276 1 1
1524891240277 0 1
1524891240278 0 1
1524891240279 0 1
1524891240280 0 1
1524891240281 1 1
1524891240282 0 1
1524891240283 0 2
1524891240285 1 2
1524891240286 0 1
1524891240287 0 1
1524891240288 0 1
1524891240289 1 1
1524891240290 0 1
1524891240291 0 1
1524891240292 0 1
1524891240293 0 1
1524891240294 0 2
1524891240295 1 0
1524891240296 0 2
1524891240297 0 1
1524891240298 1 1
1524891240299 0 1
1524891240300 0 1
1524891240301 0 1
1524891240302 0 2
1524891240303 0 1
1524891240304 1 1
1524891240305 0 1
1524891240306 0 1
1524891240307 0 2
1524891240308 0 1
1524891240309 0 1
1524891240310 0 1
1524891240311 1 2
1524891240312 0 1
1524891240313 0 1
1524891240314 0 1
1524891240315 1 2
1524891240316 0 1
1524891240317 0 1
1524891240318 0 2
1524891240319 0 1
1524891240320 1 2
1524891240321 0 1
1524891240322 0 2
1524891240323 0 2
1524891240325 0 2
1524891240326 1 1
1524891240327 0 2
1524891240328 1 1
1524891240329 0 2
1524891240330 0 1
1524891240331 0 2
1524891240332 1 1
1524891240333 0 2
1524891240334 0 1
1524891240335 1 2
1524891240336 0 1
1524891240337 0 2
1524891240338 1 1
1524891240339 0 2
1524891240340 0 1
1524891240341 1 2
1524891240342 0 3
1524891240343 1 1
1524891240344 0 1
1524891240345 1 2
1524891240346 0 1
1524891240347 0 2
1524891240348 0 1
1524891240349 1 2
1524891240350 0 1
1524891240351 1 2
1524891240352 0 2
1524891240353 1 1
1524891240354 0 2
1524891240355 0 1
1524891240356 1 2
1524891240357 0 1
1524891240358 0 2
1524891240359 1 1
1524891240360 0 2
1524891240361 1 2
1524891240362 1 3
1524891240363 0 1
1524891240364 0 2
1524891240365 1 1
1524891240366 0 2
1524891240367 1 1
1524891240368 0 2
1524891240369 0 1
1524891240370 1 2
1524891240371 0 1
1524891240372 1 2
1524891240373 0 1
1524891240374 0 2
1524891240375 1 1
1524891240376 0 2
1524891240377 0 1
1524891240378 1 1
1524891240379 0 2
1524891240380 0 1
1524891240381 0 2
1524891240382 1 1
1524891240383 0 2
1524891240384 0 1
1524891240385 0 1
1524891240386 1 2
1524891240387 0 1
1524891240388 0 1
1524891240389 0 2
1524891240390 0 1
1524891240391 0 1
1524891240392 0 1
1524891240393 0 2
1524891240394 0 1
1524891240395 0 1
1524891240396 1 1
1524891240397 0 1
1524891240398 0 1
1524891240399 0 2
1524891240400 0 1
1524891240401 0 1
1524891240402 0 2
1524891240403 0 2
1524891240404 0 1
1524891240405 0 1
1524891240406 0 1
1524891240407 0 1
1524891240408 0 1
1524891240409 0 1
1524891240410 0 1
1524891240411 0 1
1524891240412 0 2
1524891240413 0 1
1524891240414 0 1
1524891240415 0 1
1524891240416 -1 1
1524891240417 0 1
1524891240418 0 1
1524891240419 0 1
1524891240420 0 1
1524891240421 0 1
1524891240422 0 1
1524891240423 0 1
1524891240424 -1 1
1524891240425 0 1
1524891240426 0 1
1524891240427 0 2
1524891240429 0 2
1524891240430 -1 1
1524891240431 0 1
1524891240432 0 1
1524891240433 0 1
1524891240434 0 1
1524891240435 0 2
1524891240437 -1 2
1524891240438 0 1
1524891240439 0 1
1524891240440 -1 1
1524891240441 0 1
1524891240442 0 1
1524891240443 0 1
1524891240444 0 1
1524891240445 -1 1
1524891240446 0 1
1524891240447 0 2
1524891240448 -1 1
1524891240449 0 1
1524891240450 0 1
1524891240451 0 1
1524891240452 -1 1
1524891240453 0 1
1524891240454 0 1
1524891240455 0 1
1524891240456 0 1
1524891240457 -1 1
1524891240458 0 2
1524891240460 -1 2
1524891240461 0 1
1524891240462 0 1
1524891240463 0 1
1524891240464 -1 1
1524891240465 0 1
1524891240466 0 2
1524891240467 0 1
1524891240468 -1 1
1524891240469 0 1
1524891240470 0 1
1524891240471 -1 1
1524891240472 0 1
1524891240473 0 1
1524891240474 -1 1
1524891240475 0 1
1524891240476 0 1
1524891240477 0 1
1524891240478 -1 1
1524891240479 0 1
1524891240480 -1 1
1524891240481 0 1
1524891240482 0 1
1524891240483 -1 1
1524891240484 0 1
1524891240485 -1 1
1524891240486 0 2
1524891240487 -1 1
1524891240488 0 1
1524891240489 -1 1
1524891240491 0 1
1524891240492 -1 1
1524891240493 0 1
1524891240494 -1 0
1524891240495 0 1
1524891240496 -1 1
1524891240497 0 1
1524891240498 -1 0
1524891240499 0 1
1524891240500 -1 0
1524891240501 0 1
1524891240502 -1 1
1524891240504 -1 1
1524891240506 -1 1
1524891240507 -1 0
1524891240508 0 1
1524891240509 -1 1
1524891240511 -1 1
1524891240513 -1 0
1524891240514 0 1
1524891240515 -1 0
1524891240516 -1 1
1524891240517 -1 0
1524891240519 -1 1
1524891240520 -1 0
1524891240521 -1 1
1524891240523 -1 0
1524891240524 -2 1
1524891240525 -1 0
1524891240526 -1 0
1524891240527 -1 1
1524891240529 -1 0
1524891240530 -1 1
1524891240531 -1 0
1524891240533 -1 0
1524891240534 -2 1
1524891240535 -1 0
1524891240536 -1 0
1524891240537 -1 1
1524891240538 -1 0
1524891240539 -1 0
1524891240540 -1 1
1524891240541 -1 0
1524891240542 -1 0
1524891240543 -1 1
1524891240544 -1 0
1524891240545 -1 0
1524891240546 -1 0
1524891240547 -1 0
1524891240548 -1 1
1524891240549 -1 0
1524891240550 -1 0
1524891240551 0 1
1524891240552 -1 0
1524891240553 -1 0
1524891240554 -1 0
1524891240555 -1 1
1524891240556 -1 0
1524891240557 -1 0
1524891240558 -1 1
1524891240560 -1 0
1524891240561 -1 0
1524891240562 -1 1
1524891240563 -1 0
1524891240565 -1 0
1524891240566 -1 1
1524891240567 -1 0
1524891240568 -1 0
1524891240569 0 1
1524891240570 -1 0
1524891240571 -1 0
1524891240572 -1 0
1524891240573 -1 1
1524891240574 -1 0
1524891240576 -1 1
1524891240577 -1 0
1524891240578 -1 0
1524891240580 -1 1
1524891240581 -1 0
1524891240582 -1 0
1524891240583 -1 0
1524891240584 -1 1
1524891240586 -1 0
1524891240587 -1 1
1524891240588 -1 0
1524891240589 -1 0
1524891240590 -1 0
1524891240591 -1 0
1524891240593 -1 1
1524891240594 -1 0
1524891240595 -1 0
1524891240596 -1 1
1524891240597 -1 0
1524891240598 -1 0
1524891240599 -1 0
1524891240600 -1 0
1524891240601 -1 0
1524891240602 -1 0
1524891240603 -1 1
1524891240604 -1 0
1524891240605 -1 0
1524891240606 -1 0
1524891240607 -2 0
1524891240608 -1 1
1524891240609 -1 0
1524891240610 -2 0
1524891240611 -2 0
1524891240612 -2 0
1524891240613 -1 0
1524891240614 -2 0
1524891240615 -2 0
1524891240616 -1 1
1524891240617 -2 0
1524891240618 -2 0
1524891240619 -1 0
1524891240620 -2 0
1524891240621 -2 0
1524891240622 -2 0
1524891240623 -2 0
1524891240624 -2 0
1524891240625 -2 0
1524891240626 -2 0
1524891240627 -2 0
1524891240628 -2 0
1524891240629 -2 0
1524891240630 -2 0
1524891240631 -2 0
1524891240632 -3 0
1524891240633 -2 0
1524891240634 -2 0
1524891240635 -2 0
1524891240636 -3 0
1524891240637 -2 0
1524891240638 -3 0
1524891240639 -2 0
1524891240640 -3 0
1524891240641 -3 1
1524891240642 -4 0
1524891240643 -2 0
1524891240644 -3 0
1524891240645 -3 0
1524891240646 -3 0
1524891240647 -1 0
1524891240648 -3 0
1524891240649 -3 0
1524891240650 -3 0
1524891240651 -4 0
1524891240652 -3 0
1524891240653 -2 0
1524891240654 -3 0
1524891240655 -2 0
1524891240656 -3 1
1524891240657 -3 0
1524891240658 -2 0
1524891240659 -3 1
1524891240660 -2 0
1524891240661 -2 0
1524891240662 -2 0
1524891240663 -3 1
1524891240664 -2 0
1524891240665 -3 0
1524891240666 -4 1
1524891240667 -2 0
1524891240668 -2 1
1524891240669 -2 0
1524891240670 -2 1
1524891240671 -3 0
1524891240672 -2 0
1524891240673 -2 1
1524891240674 -2 0
1524891240675 -2 1
1524891240676 -2 0
1524891240677 -2 0
1524891240678 -2 1
1524891240679 -2 0
1524891240680 -2 1
1524891240681 -2 0
1524891240682 -2 0
1524891240683 -2 0
1524891240684 -3 1
1524891240685 -1 0
1524891240686 -3 1
1524891240687 -2 0
1524891240688 -2 0
1524891240689 -2 1
1524891240690 -2 0
1524891240691 -1 0
1524891240692 -2 1
1524891240693 -1 0
1524891240694 -2 0
1524891240695 -2 0
1524891240696 -1 0
1524891240697 -2 1
1524891240698 -1 0
1524891240699 -2 0
1524891240700 -1 1
1524891240701 -1 0
1524891240702 -2 0
1524891240703 -1 0
1524891240704 -1 0
1524891240705 -1 0
1524891240706 -1 0
1524891240707 -2 0
1524891240708 -1 1
1524891240709 -1 0
1524891240710 -1 0
1524891240711 -2 0
1524891240713 -2 0
1524891240714 -1 1
1524891240715 -1 0
1524891240716 -1 0
1524891240717 -1 0
1524891240718 -1 0
1524891240719 -1 0
1524891240720 -1 0
1524891240721 -1 0
1524891240722 -1 0
1524891240723 -1 0
1524891240724 -1 0
1524891240725 -1 0
1524891240726 -1 0
1524891240727 -2 0
1524891240728 -1 0
1524891240729 -1 0
1524891240730 -2 0
1524891240731 -1 0
1524891240732 -1 0
1524891240733 -1 0
1524891240734 -1 0
1524891240735 -2 0
1524891240736 -1 0
1524891240737 -1 0
1524891240738 -2 0
1524891240739 -1 0
1524891240740 -2 0
1524891240741 -2 0
1524891240743 -2 0
1524891240744 -2 0
1524891240746 -2 0
1524891240747 -2 0
1524891240748 -2 0
1524891240749 -1 0
1524891240750 -4 0
1524891240751 -2 0
1524891240752 -1 0
1524891240753 -3 0
1524891240754 -1 0
1524891240755 -3 0
1524891240756 -2 0
1524891240757 -2 0
1524891240758 -2 0
1524891240759 -2 0
1524891240760 -2 0
1524891240761 -2 0
1524891240762 -2 0
1524891240763 -3 0
1524891240764 -2 0
1524891240765 -2 0
1524891240766 -2 0
1524891240767 -3 0
1524891240768 -2 0
1524891240769 -1 0
1524891240770 -2 0
1524891240771 -3 0
1524891240772 -2 0
1524891240773 -2 0
1524891240774 -2 0
1524891240775 -4 0
1524891240776 -2 0
1524891240777 -2 0
1524891240778 -2 0
1524891240779 -2 1
1524891240780 -3 0
1524891240781 -2 0
1524891240782 -1 0
1524891240783 -2 1
1524891240784 -2 0
1524891240785 -2 0
1524891240786 -2 1
1524891240787 -2 0
1524891240788 -1 0
1524891240789 -2 1
1524891240790 -3 0
1524891240791 -2 0
1524891240792 -2 0
1524891240793 -2 1
1524891240794 -1 0
1524891240795 -2 0
1524891240796 -2 1
1524891240797 -2 0
1524891240798 -1 0
1524891240799 -2 0
1524891240800 -2 0
1524891240801 -1 1
1524891240802 -2 0
1524891240803 -1 0
1524891240804 -2 1
1524891240805 -1 0
1524891240806 -1 0
1524891240807 -2 0
1524891240808 -1 0
1524891240809 -1 0
1524891240810 -1 0
1524891240811 -1 0
1524891240812 -2 1
1524891240813 -1 0
1524891240814 -1 0
1524891240816 -1 0
1524891240817 -1 0
1524891240818 -1 1
1524891240820 -1 0
1524891240825 -1 0
1524891240867 1 0
1524891240918 1 0
1524891240924 1 0
1524891240927 1 0
1524891240930 1 0
1524891240933 1 0
1524891240935 1 0
1524891240936 0 1
1524891240937 1 0
1524891240938 1 0
1524891240940 1 0
1524891240942 1 0
1524891240943 1 1
1524891240944 1 0
1524891240946 1 0
1524891240947 1 0
1524891240948 1 0
1524891240949 2 0
1524891240950 1 0
1524891240951 1 0
1524891240952 1 0
1524891240954 2 0
1524891240956 2 1
1524891240957 1 0
1524891240958 1 0
1524891240959 1 0
1524891240960 1 0
1524891240961 1 0
1524891240962 1 0
1524891240963 1 0
1524891240964 1 0
1524891240965 2 0
1524891240967 2 0
1524891240968 1 0
1524891240969 1 0
1524891240971 2 0
1524891240971 1 0
1524891240972 2 0
1524891240974 1 0
1524891240975 1 0
1524891240976 2 0
1524891240977 1 0
1524891240978 1 0
1524891240979 1 0
1524891240980 1 0
1524891240981 1 0
1524891240982 1 0
1524891240983 1 0
1524891240984 1 0
1524891240985 1 0
1524891240987 1 0
1524891240990 1 0
1524891240991 1 0
1524891241015 1 0
1524891241028 1 0
1524891241029 0 1
1524891241034 1 0
1524891241040 0 1
1524891241044 1 0
1524891241055 1 0
1524891241080 0 1
1524891241084 1 0
1524891241087 1 0
1524891241091 1 0
1524891241093 0 1
1524891241094 1 0
1524891241097 1 0
1524891241100 1 0
1524891241102 1 1
1524891241105 1 0
1524891241107 1 0
1524891241110 1 0
1524891241112 1 0
1524891241114 1 0
1524891241117 1 0
1524891241119 1 0
1524891241120 0 1
1524891241121 1 0
1524891241123 1 0
1524891241124 1 0
1524891241127 1 0
1524891241128 1 1
1524891241129 1 0
1524891241130 1 0
1524891241132 1 0
1524891241133 1 0
1524891241135 1 0
1524891241137 1 0
1524891241138 1 0
1524891241140 1 0
1524891241141 1 0
1524891241142 1 1
1524891241144 1 0
1524891241145 1 0
1524891241146 1 0
1524891241148 1 0
1524891241149 1 1
1524891241151 1 0
1524891241152 1 0
1524891241153 1 0
1524891241155 1 0
1524891241156 1 0
1524891241157 0 1
1524891241158 1 0
1524891241159 1 0
1524891241161 1 0
1524891241162 1 0
1524891241163 1 0
1524891241164 1 0
1524891241166 1 1
1524891241167 1 0
1524891241168 1 0
1524891241169 1 0
1524891241171 1 0
1524891241172 1 1
1524891241173 1 0
1524891241174 1 0
1524891241176 1 0
1524891241177 1 0
1524891241178 1 0
1524891241179 1 1
1524891241180 1 0
1524891241181 1 0
1524891241182 1 0
1524891241183 1 0
1524891241184 1 0
1524891241185 0 1
1524891241186 2 0
1524891241188 1 0
1524891241189 1 0
1524891241190 1 1
1524891241191 1 0
1524891241192 1 0
1524891241193 1 0
1524891241194 1 0
1524891241195 2 0
1524891241197 1 1
1524891241198 1 0
1524891241199 1 0
1524891241200 1 0
1524891241201 1 0
1524891241202 1 0
1524891241203 2 1
1524891241205 2 0
1524891241206 1 0
1524891241207 1 0
1524891241208 1 0
1524891241209 1 1
1524891241210 1 0
1524891241211 1 0
1524891241212 1 0
1524891241213 1 0
1524891241214 1 0
1524891241215 1 0
1524891241216 1 1
1524891241217 2 0
1524891241218 1 0
1524891241219 1 0
1524891241220 1 0
1524891241221 1 1
1524891241222 1 0
1524891241223 1 0
1524891241224 1 0
1524891241225 1 0
1524891241226 1 0
1524891241227 1 0
1524891241228 1 1
1524891241229 1 0
1524891241230 1 0
1524891241231 1 0
1524891241232 1 0
1524891241233 2 1
1524891241234 1 0
1524891241235 1 0
1524891241236 1 0
1524891241237 1 0
1524891241238 1 0
1524891241239 1 1
1524891241240 1 0
1524891241241 1 0
1524891241242 1 0
1524891241243 1 0
1524891241244 1 0
1524891241245 1 0
1524891241246 1 1
1524891241247 1 0
1524891241249 1 0
1524891241250 1 0
1524891241251 1 0
1524891241252 1 1
1524891241253 1 0
1524891241254 1 0
1524891241255 1 0
1524891241256 1 0
1524891241257 1 0
1524891241258 1 0
1524891241259 1 0
1524891241261 1 0
1524891241262 1 1
1524891241263 1 0
1524891241264 1 0
1524891241265 1 0
1524891241266 1 0
1524891241268 1 1
1524891241269 1 0
1524891241270 1 0
1524891241271 1 0
1524891241272 1 0
1524891241274 1 0
1524891241275 1 0
1524891241276 1 0
1524891241277 1 0
1524891241279 1 1
1524891241280 1 0
1524891241282 2 0
1524891241284 1 0
1524891241285 0 1
1524891241286 1 0
1524891241287 1 0
1524891241289 1 0
1524891241290 1 0
1524891241292 1 0
1524891241293 1 0
1524891241295 1 1
1524891241297 1 0
1524891241298 1 0
1524891241300 1 0
1524891241301 1 0
1524891241303 1 1
1524891241304 1 0
1524891241305 1 0
1524891241307 1 0
1524891241308 1 0
1524891241309 0 1
1524891241310 1 0
1524891241311 1 0
1524891241312 1 0
1524891241313 1 0
1524891241315 1 1
1524891241316 1 0
1524891241317 1 0
1524891241318 1 0
1524891241319 1 0
1524891241320 1 1
1524891241321 1 0
1524891241322 1 0
1524891241323 1 0
1524891241324 1 1
1524891241325 1 0
1524891241326 1 0
1524891241327 1 0
1524891241328 1 0
1524891241329 1 1
1524891241330 1 0
1524891241331 1 0
1524891241332 1 0
1524891241333 2 1
1524891241334 1 0
1524891241335 1 0
1524891241336 1 0
1524891241337 1 0
1524891241338 1 1
1524891241339 1 0
1524891241340 2 0
1524891241342 2 0
1524891241343 1 1
1524891241344 1 0
1524891241345 1 0
1524891241346 1 1
1524891241347 2 0
1524891241348 1 0
1524891241349 1 0
1524891241350 1 1
1524891241351 2 0
1524891241352 2 0
1524891241353 1 0
1524891241354 1 1
1524891241355 1 0
1524891241356 2 0
1524891241357 1 1
1524891241359 1 0
1524891241359 1 0
1524891241360 1 0
1524891241361 1 1
1524891241362 2 0
1524891241363 1 0
1524891241364 1 0
1524891241365 1 1
1524891241366 1 0
1524891241367 2 0
1524891241368 1 0
1524891241369 1 1
1524891241371 2 0
1524891241372 1 0
1524891241373 1 0
1524891241374 1 0
1524891241375 1 1
1524891241376 1 0
1524891241377 2 0
1524891241379 2 1
1524891241380 1 0
1524891241382 1 0
1524891241382 1 0
1524891241383 1 0
1524891241384 2 0
1524891241385 1 0
1524891241386 1 0
1524891241387 1 1
1524891241388 1 0
1524891241389 1 0
1524891241390 1 0
1524891241391 2 0
1524891241392 1 1
1524891241393 1 0
1524891241394 1 0
1524891241395 2 0
1524891241396 1 0
1524891241397 1 0
1524891241398 1 0
1524891241399 1 0
1524891241400 1 1
1524891241401 2 0
1524891241402 1 0
1524891241403 1 0
1524891241404 1 0
1524891241405 1 0
1524891241406 1 1
1524891241407 1 0
1524891241408 2 0
1524891241409 1 0
1524891241410 1 0
1524891241411 1 0
1524891241412 1 0
1524891241413 1 0
1524891241414 1 0
1524891241415 2 1
1524891241417 2 0
1524891241419 2 0
1524891241420 1 0
1524891241421 1 1
1524891241422 1 0
1524891241423 1 0
1524891241424 2 0
1524891241425 1 0
1524891241426 2 0
1524891241427 1 1
1524891241428 1 0
1524891241429 1 0
1524891241430 2 0
1524891241431 1 0
1524891241432 1 1
1524891241433 1 0
1524891241434 1 0
1524891241435 1 0
1524891241436 1 0
1524891241437 1 0
1524891241438 2 0
1524891241439 1 1
1524891241440 1 0
1524891241441 1 0
1524891241442 2 0
1524891241443 1 0
1524891241444 1 1
1524891241445 1 0
1524891241446 2 0
1524891241447 1 0
1524891241448 1 0
1524891241449 1 0
1524891241450 2 1
1524891241451 1 0
1524891241452 1 0
1524891241453 1 0
1524891241454 2 1
1524891241455 1 0
1524891241456 2 0
1524891241457 1 0
1524891241458 2 0
1524891241459 1 0
1524891241460 1 1
1524891241461 1 0
1524891241462 1 0
1524891241463 2 0
1524891241464 1 1
1524891241465 2 0
1524891241466 1 0
1524891241467 1 0
1524891241468 2 0
1524891241470 2 1
1524891241471 1 0
1524891241472 1 0
1524891241473 1 0
1524891241474 2 1
1524891241475 1 0
1524891241476 1 0
1524891241477 2 0
1524891241478 1 0
1524891241479 1 1
1524891241480 1 0
1524891241481 3 0
1524891241482 1 0
1524891241483 1 0
1524891241484 2 1
1524891241485 1 0
1524891241486 1 0
1524891241487 2 0
1524891241488 1 1
1524891241489 1 0
1524891241490 1 0
1524891241491 2 0
1524891241492 1 0
1524891241493 1 0
1524891241494 2 1
1524891241495 1 0
1524891241496 1 0
1524891241497 1 0
1524891241498 1 0
1524891241499 1 1
1524891241500 2 0
1524891241501 1 0
1524891241502 1 0
1524891241503 2 0
1524891241504 1 0
1524891241505 1 1
1524891241506 1 0
1524891241507 1 0
1524891241508 1 0
1524891241509 1 0
1524891241510 1 0
1524891241511 1 0
1524891241512 1 1
1524891241513 1 0
1524891241514 1 0
1524891241515 1 0
1524891241516 1 0
1524891241517 1 0
1524891241518 1 0
1524891241519 1 0
1524891241520 1 0
1524891241521 1 0
1524891241522 1 1
1524891241523 1 0
1524891241524 1 0
1524891241525 1 0
1524891241526 1 0
1524891241528 1 0
1524891241529 1 0
1524891241530 1 0
1524891241531 0 1
1524891241532 1 0
1524891241533 1 0
1524891241534 1 0
1524891241535 1 0
1524891241537 1 0
1524891241538 1 0
1524891241539 1 0
1524891241540 1 0
1524891241541 1 1
1524891241543 1 0
1524891241544 1 0
1524891241545 1 0
1524891241546 1 0
1524891241548 1 1
1524891241549 1 0
1524891241550 1 0
1524891241551 1 0
1524891241552 1 0
1524891241554 1 1
1524891241555 1 0
1524891241556 1 0
1524891241557 1 0
1524891241559 1 0
1524891241560 1 0
1524891241561 2 1
1524891241562 1 0
1524891241563 1 0
1524891241564 1 0
1524891241565 1 1
1524891241566 1 0
1524891241567 1 0
1524891241568 1 0
1524891241569 1 0
1524891241570 1 1
1524891241571 1 0
1524891241572 1 0
1524891241573 2 0
1524891241574 0 1
1524891241575 2 0
1524891241576 1 0
1524891241577 1 1
1524891241578 1 0
1524891241579 1 0
1524891241580 1 0
1524891241581 2 0
1524891241582 1 1
1524891241583 1 0
1524891241584 1 0
1524891241585 1 0
1524891241586 1 0
1524891241587 1 0
1524891241588 1 1
1524891241589 1 0
1524891241590 2 1
1524891241591 1 0
1524891241592 1 0
1524891241593 2 0
1524891241594 1 0
1524891241595 1 0
1524891241596 1 1
1524891241597 2 0
1524891241598 1 0
1524891241599 1 0
1524891241600 2 1
1524891241601 2 0
1524891241602 1 0
1524891241603 1 0
1524891241604 1 1
1524891241605 1 0
1524891241606 1 0
1524891241607 1 0
1524891241608 2 0
1524891241610 1 0
1524891241611 1 0
1524891241612 1 0
1524891241613 1 0
1524891241614 0 1
1524891241615 1 0
1524891241616 1 0
1524891241617 1 0
1524891241618 1 0
1524891241620 1 0
1524891241622 1 1
1524891241624 1 0
1524891241626 1 0
1524891241629 1 0
1524891241632 1 0
1524891241636 1 0
1524891241642 1 0
1524891241646 1 0
1524891241651 1 0
1524891241653 0 1
1524891241655 1 0
1524891241657 1 0
1524891241661 1 0
1524891241662 0 1
1524891241664 1 0
1524891241667 1 0
1524891241671 1 1
1524891241673 1 0
1524891241678 1 0
1524891241681 1 0
1524891241687 1 0
1524891241695 1 0
1524891241730 1 0
1524891241737 1 0
1524891241744 1 0
1524891241752 1 0
1524891241755 0 1
1524891241759 1 0
1524891241767 1 0
1524891241793 0 1
1524891241795 1 0
1524891241799 1 0
1524891241803 1 0
1524891241806 1 0
1524891241809 1 0
1524891241812 1 -1
1524891241816 1 0
1524891241819 1 0
1524891241821 0 -1
1524891241825 1 0
1524891241844 0 -1
1524891241851 -1 0
1524891241852 0 -1
1524891241854 -1 0
1524891241856 -1 0
1524891241858 -1 -1
1524891241860 -1 0
1524891241861 -1 0
1524891241862 -1 0
1524891241863 -1 0
1524891241865 -1 0
1524891241866 -1 0
1524891241867 -1 0
1524891241868 -1 0
1524891241869 -1 0
1524891241870 -1 0
1524891241872 -1 0
1524891241873 -1 0
1524891241874 -1 0
1524891241875 -1 0
1524891241876 -1 0
1524891241877 -1 0
1524891241878 -1 0
1524891241879 -1 0
1524891241880 -1 0
1524891241881 -2 0
1524891241882 -1 0
1524891241883 -1 0
1524891241884 -1 0
1524891241885 -1 0
1524891241886 -1 0
1524891241888 -1 0
1524891241889 -1 0
1524891241890 -1 0
1524891241891 -1 1
1524891241892 -1 0
1524891241893 -1 0
1524891241894 -1 0
1524891241895 -1 0
1524891241897 -2 0
1524891241899 -1 1
1524891241900 -1 0
1524891241901 -1 0
1524891241902 -1 0
1524891241904 -1 0
1524891241905 -1 0
1524891241906 -1 0
1524891241907 -1 0
1524891241908 0 1
1524891241909 -1 0
1524891241911 -1 0
1524891241915 -1 0
1524891241919 -1 0
1524891242001 -1 0
1524891242021 -1 0
1524891242025 -1 0
1524891242027 -1 0
1524891242030 -1 0
1524891242033 -1 0
1524891242035 -1 0
1524891242038 -1 1
1524891242040 -1 0
1524891242041 -1 0
1524891242043 -1 0
1524891242045 -1 0
1524891242046 -1 0
1524891242048 -1 0
1524891242049 -1 0
1524891242051 -1 0
1524891242052 -1 0
1524891242054 -1 0
1524891242055 -1 0
1524891242057 -1 0
1524891242058 -1 0
1524891242059 -1 0
1524891242060 -1 0
1524891242061 -1 0
1524891242062 -1 0
1524891242064 -1 0
1524891242065 -1 0
1524891242066 -1 0
1524891242067 -1 0
1524891242069 -1 0
1524891242070 -1 0
1524891242071 -1 0
1524891242073 -1 0
1524891242074 -1 0
1524891242075 -1 0
1524891242076 -1 0
1524891242078 -1 0
1524891242079 -1 0
1524891242080 -1 0
1524891242081 -1 0
1524891242083 -1 0
1524891242084 -1 0
1524891242085 -1 0
1524891242087 -1 0
1524891242088 -1 0
1524891242089 -1 0
1524891242091 -1 0
1524891242092 -1 0
1524891242094 -1 0
1524891242095 -2 0
1524891242097 -1 0
1524891242099 -1 0
1524891242101 -1 0
1524891242102 -1 0
1524891242103 -1 0
1524891242105 -1 0
1524891242106 -1 0
1524891242108 -1 0
1524891242109 -1 0
1524891242110 -1 0
1524891242112 -1 0
1524891242113 -1 0
1524891242114 -1 0
1524891242116 -2 0
1524891242117 -1 0
1524891242118 -1 0
1524891242119 -1 -1
1524891242121 -2 0
1524891242123 -2 0
1524891242124 -1 0
1524891242125 -1 0
1524891242126 -1 0
1524891242127 -1 0
1524891242128 -1 -1
1524891242129 -1 0
1524891242130 -1 0
1524891242131 -2 0
1524891242132 -1 0
1524891242133 -1 -1
1524891242134 -2 0
1524891242135 -1 0
1524891242136 -2 0
1524891242137 -1 0
1524891242138 -1 0
1524891242139 -2 0
1524891242140 -1 0
1524891242141 -2 -1
1524891242142 -2 0
1524891242143 -2 0
1524891242144 -2 0
1524891242145 -2 -1
1524891242146 -2 0
1524891242147 -2 0
1524891242148 -1 0
1524891242149 -2 0
1524891242150 -2 0
1524891242151 -2 -1
1524891242152 -2 0
1524891242154 -2 0
1524891242155 -2 0
1524891242156 -2 0
1524891242157 -2 0
1524891242158 -2 0
1524891242159 -2 -1
1524891242160 -3 0
1524891242161 -2 0
1524891242162 -1 0
1524891242163 -2 0
1524891242164 -2 0
1524891242165 -2 0
1524891242166 -1 0
1524891242167 -2 0
1524891242168 -2 0
1524891242169 -2 0
1524891242170 -2 0
1524891242171 -1 0
1524891242172 -2 0
1524891242173 -2 0
1524891242174 -2 0
1524891242175 -2 0
1524891242176 -2 0
1524891242177 -2 0
1524891242178 -2 0
1524891242179 -2 0
1524891242180 -1 -1
1524891242181 -2 0
1524891242182 -2 0
1524891242183 -1 0
1524891242184 -2 0
1524891242185 -1 0
1524891242186 -1 0
1524891242187 -1 0
1524891242188 -3 0
1524891242189 -1 0
1524891242190 -1 0
1524891242191 -2 0
1524891242192 -2 0
1524891242193 -1 0
1524891242194 -2 0
1524891242195 -2 0
1524891242196 -1 0
1524891242197 -1 0
1524891242198 -2 0
1524891242200 -2 0
1524891242201 -1 0
1524891242202 -1 0
1524891242203 -1 0
1524891242204 -1 0
1524891242205 -1 0
1524891242206 -1 -1
1524891242207 -1 0
1524891242208 -1 0
1524891242209 -1 0
1524891242210 -1 0
1524891242212 -1 0
1524891242214 -1 0
1524891242216 -1 0
1524891242219 -1 0
1524891242222 -1 0
1524891242228 -1 0
1524891242267 -1 0
1524891242278 -1 0
1524891242285 -1 0
1524891242287 0 -1
1524891242293 -1 0
1524891242299 -1 0
1524891242305 -1 0
1524891242306 0 -1
1524891242311 -1 0
1524891242317 -1 0
1524891242322 -1 0
1524891242352 -1 0
1524891242358 -1 0
1524891242363 -1 0
1524891242367 -1 0
1524891242369 0 -1
1524891242371 -1 0
1524891242375 -1 0
1524891242378 -1 0
1524891242382 -1 0
1524891242385 -1 0
1524891242389 -1 0
1524891242392 -1 0
1524891242395 -1 0
1524891242396 0 -1
1524891242399 -1 0
1524891242402 -1 0
1524891242405 -1 0
1524891242408 -1 0
1524891242409 -1 -1
1524891242412 -1 0
1524891242414 -1 0
1524891242416 -1 -1
1524891242418 -1 0
1524891242420 -1 0
1524891242422 -1 0
1524891242423 -1 -1
1524891242425 -1 0
1524891242426 -1 0
1524891242427 0 -1
1524891242428 -1 0
1524891242429 -1 0
1524891242430 -1 0
1524891242432 -2 0
1524891242433 0 -1
1524891242434 -2 0
1524891242436 -2 -1
1524891242437 -1 0
1524891242438 -1 0
1524891242439 -1 0
1524891242440 -1 -1
1524891242441 -1 0
1524891242442 -2 0
1524891242443 -1 -1
1524891242444 -1 0
1524891242445 -1 -1
1524891242446 -2 0
1524891242447 -1 0
1524891242448 -1 0
1524891242449 -1 -1
1524891242450 -2 0
1524891242451 -1 0
1524891242452 -2 0
1524891242453 -1 -1
1524891242454 -1 0
1524891242455 -1 0
1524891242456 -2 -1
1524891242457 -1 0
1524891242458 -1 0
1524891242459 -1 0
1524891242460 -1 0
1524891242461 -1 -1
1524891242462 -1 0
1524891242463 -2 0
1524891242464 -1 0
1524891242465 -1 0
1524891242466 -1 0
1524891242467 -1 -1
1524891242468 -1 0
1524891242469 -1 0
1524891242470 -1 0
1524891242471 -1 0
1524891242472 -1 0
1524891242473 -1 0
1524891242474 -1 0
1524891242475 -1 0
1524891242476 -1 0
1524891242478 -2 -1
1524891242480 -1 0
1524891242481 -1 0
1524891242482 -1 0
1524891242483 -1 0
1524891242485 -1 0
1524891242486 -1 -1
1524891242488 -1 0
1524891242489 -1 0
1524891242491 -1 0
1524891242492 -1 0
1524891242494 -1 0
1524891242496 -1 0
1524891242497 -1 0
1524891242500 -1 -1
1524891242502 -1 0
1524891242503 -1 0
1524891242505 -1 0
1524891242508 -1 -1
1524891242509 -1 0
1524891242512 -1 0
1524891242514 -1 0
1524891242516 -1 0
1524891242518 -1 0
1524891242521 -1 0
1524891242522 0 -1
1524891242523 -1 0
1524891242526 -1 0
1524891242527 -1 0
1524891242529 -1 -1
1524891242531 -1 0
1524891242533 -1 0
1524891242535 -1 -1
1524891242537 -1 0
1524891242538 -1 0
1524891242540 -1 0
1524891242541 -1 -1
1524891242544 -1 0
1524891242544 -1 0
1524891242546 -1 -1
1524891242547 -1 0
1524891242549 -1 0
1524891242550 -1 0
1524891242551 -1 0
1524891242552 -1 -1
1524891242553 -1 0
1524891242554 -1 0
1524891242555 -1 0
1524891242556 -1 -1
1524891242557 -1 0
1524891242558 -1 0
1524891242559 -2 -1
1524891242560 -1 0
1524891242561 -1 0
1524891242562 -1 -1
1524891242563 -1 0
1524891242564 -1 0
1524891242565 -2 -1
1524891242566 -1 0
1524891242567 -1 0
1524891242568 -1 0
1524891242569 -2 -1
1524891242570 -1 0
1524891242571 -1 0
1524891242572 -1 -1
1524891242573 -2 0
1524891242574 -1 0
1524891242575 -1 0
1524891242576 -1 -1
1524891242577 -1 0
1524891242578 -1 0
1524891242579 -1 0
1524891242580 -1 -1
1524891242581 -1 0
1524891242582 -1 0
1524891242583 -1 0
1524891242584 -1 0
1524891242586 -1 0
1524891242587 -1 0
1524891242590 -1 0
1524891242591 -1 0
1524891242594 -1 0
1524891242596 -1 0
1524891242601 -1 0
1524891242606 -1 0
1524891242619 0 -1
1524891242641 0 -1
1524891242646 -1 -1
1524891242650 0 -1
1524891242652 0 -1
1524891242653 0 -1
1524891242655 0 -1
1524891242657 0 -1
1524891242659 0 -1
1524891242661 0 -1
1524891242662 1 0
1524891242663 0 -1
1524891242664 1 0
1524891242665 0 -1
1524891242667 0 -1
1524891242669 1 -1
1524891242670 0 -1
1524891242671 1 0
1524891242672 0 -1
1524891242674 1 -1
1524891242675 1 -1
1524891242677 1 -1
1524891242678 1 -1
1524891242679 1 -1
1524891242681 1 -1
1524891242682 1 0
