1524891463884 0 1
1524891463889 0 1
1524891463893 0 1
1524891463896 -1 1
1524891463899 0 1
1524891463902 0 1
1524891463904 0 1
1524891463907 0 1
1524891463909 0 1
1524891463910 -1 0
1524891463911 0 1
1524891463913 0 1
1524891463915 0 1
1524891463917 0 1
1524891463918 0 1
1524891463919 0 1
1524891463920 0 1
1524891463921 0 1
1524891463923 0 1
1524891463924 -1 1
1524891463926 0 1
1524891463927 0 1
1524891463929 0 1
1524891463930 -1 1
1524891463931 0 1
1524891463933 0 1
1524891463934 0 1
1524891463935 0 1
1524891463936 0 1
1524891463938 0 1
1524891463939 0 1
1524891463940 -1 0
1524891463941 0 1
1524891463942 0 1
1524891463943 0 1
1524891463944 0 1
1524891463945 0 1
1524891463946 0 1
1524891463947 0 1
1524891463949 0 1
1524891463950 0 1
1524891463951 -1 1
1524891463952 0 1
1524891463953 0 1
1524891463955 0 1
1524891463955 0 1
1524891463956 0 1
1524891463957 0 1
1524891463959 0 2
1524891463960 -1 0
1524891463961 0 2
1524891463962 0 1
1524891463963 0 1
1524891463964 0 1
1524891463965 0 1
1524891463966 0 1
1524891463967 0 1
1524891463968 0 1
1524891463969 0 2
1524891463970 -1 0
1524891463971 0 2
1524891463973 0 2
1524891463974 0 1
1524891463975 0 1
1524891463976 0 1
1524891463977 0 1
1524891463978 0 2
1524891463979 0 1
1524891463980 0 1
1524891463981 -1 1
1524891463982 0 1
1524891463983 0 1
1524891463984 0 1
1524891463985 0 1
1524891463986 0 1
1524891463987 0 1
1524891463988 0 1
1524891463989 0 1
1524891463990 0 1
1524891463991 0 1
1524891463992 -1 1
1524891463993 0 1
1524891463994 0 1
1524891463995 0 1
1524891463996 0 1
1524891463997 0 1
1524891463999 0 2
1524891464001 0 1
1524891464002 0 1
1524891464003 0 1
1524891464004 0 1
1524891464005 -1 1
1524891464006 0 1
1524891464007 0 1
1524891464008 0 1
1524891464010 0 1
1524891464011 0 1
1524891464012 0 1
1524891464013 0 1
1524891464014 0 1
1524891464015 0 1
1524891464016 0 1
1524891464018 0 1
1524891464019 -1 1
1524891464020 0 1
1524891464021 0 1
1524891464022 0 1
1524891464024 0 1
1524891464025 0 1
1524891464026 0 1
1524891464027 0 1
1524891464028 0 1
1524891464029 0 1
1524891464030 0 1
1524891464031 0 1
1524891464032 0 1
1524891464033 0 1
1524891464034 0 1
1524891464035 0 1
1524891464036 0 1
1524891464037 0 1
1524891464039 0 1
1524891464040 -1 1
1524891464041 0 1
1524891464042 0 1
1524891464043 0 1
1524891464044 0 1
1524891464045 0 1
1524891464047 0 1
1524891464048 0 1
1524891464049 0 1
1524891464050 0 1
1524891464051 0 1
1524891464052 0 1
1524891464053 0 1
1524891464054 0 1
1524891464055 0 1
1524891464057 0 2
1524891464059 0 1
1524891464060 0 1
1524891464061 0 1
1524891464062 0 1
1524891464063 0 1
1524891464064 0 1
1524891464066 0 1
1524891464067 0 1
1524891464068 0 1
1524891464069 0 1
1524891464070 0 1
1524891464071 0 1
1524891464072 0 1
1524891464073 0 1
1524891464074 0 1
1524891464075 0 1
1524891464077 0 1
1524891464078 0 1
1524891464079 0 1
1524891464080 0 1
1524891464081 0 1
1524891464083 0 1
1524891464084 0 1
1524891464085 0 1
1524891464086 0 1
1524891464088 0 1
1524891464089 1 1
1524891464091 0 1
1524891464092 0 1
1524891464094 0 1
1524891464094 0 1
1524891464096 0 1
1524891464097 0 1
1524891464098 0 1
1524891464100 0 1
1524891464101 0 1
1524891464103 0 1
1524891464105 0 1
1524891464105 0 1
1524891464107 0 1
1524891464109 0 1
1524891464109 0 1
1524891464112 0 1
1524891464112 0 1
1524891464113 0 1
1524891464115 0 1
1524891464117 0 1
1524891464118 0 1
1524891464120 0 1
1524891464122 0 1
1524891464122 0 1
1524891464124 0 1
1524891464125 0 1
1524891464126 0 1
1524891464128 0 1
1524891464129 0 1
1524891464130 0 1
1524891464132 0 1
1524891464133 0 1
1524891464134 0 1
1524891464136 0 1
1524891464137 0 1
1524891464139 0 2
1524891464141 0 1
1524891464142 0 1
1524891464143 0 1
1524891464144 0 1
1524891464145 0 1
1524891464146 0 1
1524891464147 0 1
1524891464148 0 1
1524891464149 0 1
1524891464150 1 0
1524891464152 0 1
1524891464152 0 1
1524891464153 0 1
1524891464154 0 1
1524891464155 0 1
1524891464158 0 1
1524891464158 0 1
1524891464160 0 1
1524891464160 0 1
1524891464161 0 1
1524891464162 1 0
1524891464163 0 1
1524891464164 0 1
1524891464165 0 1
1524891464166 0 1
1524891464168 0 1
1524891464169 0 1
1524891464170 0 1
1524891464171 0 1
1524891464172 0 1
1524891464174 0 1
1524891464175 0 1
1524891464176 0 1
1524891464177 1 1
1524891464178 0 1
1524891464179 0 1
1524891464180 0 1
1524891464181 0 1
1524891464183 0 1
1524891464184 0 1
1524891464185 0 1
1524891464186 0 1
1524891464187 0 1
1524891464188 0 1
1524891464189 0 1
1524891464190 1 0
1524891464191 0 1
1524891464192 0 1
1524891464193 0 1
1524891464194 0 1
1524891464195 0 1
1524891464196 0 1
1524891464197 0 1
1524891464198 0 1
1524891464199 0 1
1524891464200 0 1
1524891464202 0 2
1524891464204 0 1
1524891464205 1 1
1524891464206 0 1
1524891464207 0 1
1524891464208 0 1
1524891464209 0 1
1524891464210 0 1
1524891464211 0 1
1524891464212 0 1
1524891464214 1 2
1524891464216 0 1
1524891464217 0 1
1524891464218 0 1
1524891464219 0 1
1524891464220 0 1
1524891464221 0 1
1524891464222 0 1
1524891464223 0 1
1524891464225 0 1
1524891464226 0 1
1524891464227 0 1
1524891464228 0 1
1524891464229 0 1
1524891464230 1 0
1524891464231 0 2
1524891464232 0 1
1524891464233 0 1
1524891464234 0 1
1524891464235 0 1
1524891464237 0 1
1524891464238 0 1
1524891464239 0 1
1524891464240 0 1
1524891464241 0 1
1524891464243 1 1
1524891464244 0 1
1524891464245 0 1
1524891464247 0 1
1524891464248 0 1
1524891464249 0 1
1524891464250 1 0
1524891464251 0 1
1524891464252 0 1
1524891464253 0 1
1524891464255 0 1
1524891464256 0 1
1524891464258 0 1
1524891464259 0 1
1524891464261 1 1
1524891464262 0 1
1524891464264 0 1
1524891464265 0 1
1524891464266 0 1
1524891464268 0 1
1524891464269 0 1
1524891464270 1 0
1524891464271 0 1
1524891464272 0 1
1524891464274 0 1
1524891464276 0 1
1524891464278 0 1
1524891464279 0 1
1524891464281 1 1
1524891464282 0 1
1524891464284 0 1
1524891464286 0 1
1524891464288 0 1
1524891464289 0 1
1524891464290 0 1
1524891464291 1 0
1524891464292 0 1
1524891464293 0 1
1524891464296 1 1
1524891464298 0 1
1524891464299 0 1
1524891464301 0 1
1524891464302 0 1
1524891464304 0 1
1524891464305 0 1
1524891464307 0 1
1524891464308 1 1
1524891464310 0 1
1524891464312 0 1
1524891464313 0 1
1524891464314 0 1
1524891464316 1 1
1524891464317 0 1
1524891464318 0 1
1524891464319 0 1
1524891464320 0 1
1524891464322 1 1
1524891464323 0 1
1524891464324 0 1
1524891464325 0 1
1524891464326 0 1
1524891464327 0 1
1524891464328 0 1
1524891464329 1 1
1524891464331 0 2
1524891464332 0 2
1524891464333 0 1
1524891464334 0 1
1524891464335 1 1
1524891464336 0 1
1524891464337 0 1
1524891464339 0 2
1524891464340 1 0
1524891464341 0 1
1524891464342 0 1
1524891464343 0 1
1524891464344 0 1
1524891464345 1 1
1524891464346 0 1
1524891464347 0 1
1524891464348 0 1
1524891464349 0 1
1524891464350 0 1
1524891464351 1 0
1524891464352 0 1
1524891464353 0 1
1524891464354 0 1
1524891464355 0 1
1524891464356 0 1
1524891464357 1 1
1524891464358 0 1
1524891464359 0 1
1524891464360 0 1
1524891464361 1 0
1524891464362 0 1
1524891464363 0 1
1524891464364 0 2
1524891464365 0 1
1524891464366 0 1
1524891464367 1 1
1524891464368 0 1
1524891464370 0 1
1524891464371 0 1
1524891464372 0 1
1524891464373 1 1
1524891464375 0 1
1524891464376 0 1
1524891464377 0 1
1524891464378 1 1
1524891464379 0 1
1524891464381 0 1
1524891464382 1 1
1524891464384 0 1
1524891464385 0 1
1524891464386 0 1
1524891464388 1 1
1524891464389 0 1
1524891464390 0 1
1524891464391 1 1
1524891464393 0 1
1524891464394 0 1
1524891464395 1 0
1524891464396 0 1
1524891464397 0 1
1524891464398 0 1
1524891464399 1 0
1524891464400 0 1
1524891464401 0 1
1524891464403 1 1
1524891464404 0 1
1524891464405 0 1
1524891464406 1 0
1524891464407 0 1
1524891464408 1 1
1524891464409 0 1
1524891464410 0 1
1524891464412 0 1
1524891464413 1 1
1524891464414 0 1
1524891464415 1 1
1524891464416 0 1
1524891464417 1 1
1524891464418 0 1
1524891464420 1 1
1524891464421 0 1
1524891464422 1 1
1524891464423 0 1
1524891464425 1 1
1524891464426 0 1
1524891464427 1 1
1524891464428 0 1
1524891464430 1 1
1524891464431 0 1
1524891464432 1 1
1524891464434 0 1
1524891464434 1 1
1524891464436 0 1
1524891464436 1 0
1524891464437 1 2
1524891464439 1 1
1524891464440 1 2
1524891464442 1 2
1524891464444 1 2
1524891464445 1 0
1524891464446 1 1
1524891464447 0 1
1524891464448 1 1
1524891464449 1 1
1524891464450 0 1
1524891464451 1 1
1524891464452 1 1
1524891464454 1 1
1524891464455 1 1
1524891464456 0 1
1524891464457 1 0
1524891464458 1 1
1524891464459 0 1
1524891464460 1 1
1524891464461 1 1
1524891464462 0 1
1524891464463 1 0
1524891464464 1 1
1524891464465 0 1
1524891464466 1 1
1524891464468 1 1
1524891464469 0 1
1524891464470 1 0
1524891464471 0 1
1524891464472 1 1
1524891464474 1 1
1524891464476 0 1
1524891464478 1 1
1524891464480 0 1
1524891464481 1 0
1524891464482 0 1
1524891464485 0 1
1524891464486 1 1
1524891464491 0 1
1524891464498 0 1
1524891464500 1 0
1524891464502 0 1
1524891464506 1 0
1524891464509 1 1
1524891464513 1 1
1524891464515 1 0
1524891464518 1 1
1524891464521 1 1
1524891464524 1 0
1524891464526 0 1
1524891464527 1 0
1524891464529 0 1
1524891464530 1 0
1524891464533 1 1
1524891464536 0 1
1524891464537 1 0
1524891464540 1 1
1524891464542 0 1
1524891464546 1 1
1524891464551 0 1
1524891464553 1 0
1524891464555 0 1
1524891464561 0 1
1524891464566 0 1
1524891464610 0 1
1524891464613 -1 0
1524891464615 -1 1
1524891464617 -1 0
1524891464619 -1 1
1524891464620 -1 0
1524891464622 -1 0
1524891464623 -1 1
1524891464624 -1 0
1524891464625 -1 0
1524891464627 -1 1
1524891464628 -1 0
1524891464629 -1 0
1524891464630 -1 1
1524891464631 -1 0
1524891464632 -1 0
1524891464633 -2 1
1524891464635 -2 0
1524891464636 0 1
1524891464637 -1 0
1524891464638 -1 1
1524891464639 -1 0
1524891464640 -1 1
1524891464641 -1 1
1524891464642 -1 0
1524891464643 -1 1
1524891464644 -1 0
1524891464645 -1 1
1524891464646 -2 1
1524891464647 0 1
1524891464648 -1 0
1524891464649 -1 1
1524891464650 -1 1
1524891464651 -1 1
1524891464652 -1 1
1524891464653 -1 0
1524891464654 -1 1
1524891464655 -1 1
1524891464656 -1 1
1524891464657 -1 1
1524891464658 -1 1
1524891464659 -1 1
1524891464660 -1 1
1524891464661 -1 1
1524891464662 -1 1
1524891464663 -1 1
1524891464664 -1 1
1524891464665 -1 0
1524891464666 -1 1
1524891464667 -1 1
1524891464668 -1 1
1524891464669 -1 1
1524891464670 -1 1
1524891464671 -1 0
1524891464672 -1 1
1524891464673 0 1
1524891464674 -2 1
1524891464675 0 1
1524891464676 -1 0
1524891464677 -1 1
1524891464678 -1 1
1524891464679 -1 1
1524891464680 -1 0
1524891464681 -1 1
1524891464682 0 1
1524891464683 -1 0
1524891464684 -1 1
1524891464685 -1 0
1524891464686 0 1
1524891464688 -1 1
1524891464689 -1 0
1524891464690 0 1
1524891464691 -1 0
1524891464692 -1 1
1524891464694 -1 1
1524891464696 -1 1
1524891464699 -1 1
1524891464701 -1 0
1524891464703 0 1
1524891464705 -1 0
1524891464709 0 1
1524891464710 -1 0
1524891464718 -1 0
1524891464722 0 1
1524891464782 -1 0
1524891464786 -1 0
1524891464791 0 1
1524891464792 -1 0
1524891464796 -1 1
1524891464800 -1 0
1524891464802 0 1
1524891464804 -1 0
1524891464807 0 1
1524891464808 -1 0
1524891464811 0 1
1524891464812 -1 0
1524891464815 0 1
1524891464817 -1 0
1524891464819 0 1
1524891464822 -1 0
1524891464823 0 1
1524891464827 -1 0
1524891464828 0 1
1524891464833 -1 1
1524891464843 -1 0
1524891464848 0 1
1524891464908 -1 0
1524891464909 0 1
1524891464912 -1 0
1524891464916 -1 0
1524891464917 0 1
1524891464919 -1 0
1524891464921 -1 0
1524891464922 0 1
1524891464923 -1 0
1524891464925 -1 1
1524891464928 -1 0
1524891464929 -1 1
1524891464930 -1 0
1524891464932 -1 1
1524891464934 -1 0
1524891464935 -1 1
1524891464937 -1 0
1524891464939 -1 1
1524891464940 -1 0
1524891464942 -1 1
1524891464943 -1 0
1524891464944 -1 0
1524891464946 -1 1
1524891464948 -1 0
1524891464949 -1 0
1524891464950 -1 1
1524891464952 -1 0
1524891464953 -1 1
1524891464954 -1 0
1524891464956 -1 0
1524891464957 -1 0
1524891464958 -1 1
1524891464959 -1 0
1524891464960 -1 0
1524891464961 -1 0
1524891464962 -1 0
1524891464963 -1 1
1524891464964 -1 0
1524891464965 -1 0
1524891464966 -1 0
1524891464967 -1 0
1524891464968 -1 0
1524891464969 -1 1
1524891464970 -1 0
1524891464971 -2 0
1524891464972 -1 0
1524891464973 -1 0
1524891464974 -1 0
1524891464975 -1 0
1524891464976 -2 0
1524891464977 -1 0
1524891464978 -2 0
1524891464979 -1 0
1524891464980 -1 0
1524891464981 -2 0
1524891464982 -1 0
1524891464983 -1 0
1524891464984 -3 0
1524891464985 -1 0
1524891464986 -1 0
1524891464987 -2 0
1524891464988 -1 0
1524891464989 -2 0
1524891464990 -1 0
1524891464991 -2 1
1524891464992 -1 0
1524891464993 -1 0
1524891464994 -2 0
1524891464996 -2 0
1524891464997 -2 0
1524891464998 -1 1
1524891464999 -2 0
1524891465000 -1 0
1524891465001 -2 0
1524891465002 -1 1
1524891465003 -1 0
1524891465005 -2 0
1524891465005 -1 0
1524891465006 -1 1
1524891465007 -1 0
1524891465008 -2 0
1524891465009 -1 1
1524891465010 -1 0
1524891465011 -1 0
1524891465012 -1 1
1524891465013 -2 0
1524891465014 -1 1
1524891465015 -1 0
1524891465016 -1 1
1524891465017 -1 0
1524891465018 -1 0
1524891465019 -1 1
1524891465020 -1 0
1524891465021 -1 0
1524891465022 -1 1
1524891465023 -1 0
1524891465024 -2 1
1524891465025 -1 0
1524891465026 -1 1
1524891465027 -1 0
1524891465028 -1 0
1524891465029 -2 1
1524891465031 -1 0
1524891465032 -1 1
1524891465033 -2 1
1524891465034 -1 0
1524891465035 -1 0
1524891465036 -1 0
1524891465037 -1 1
1524891465038 -1 0
1524891465039 -1 0
1524891465040 -1 1
1524891465041 -1 0
1524891465042 -1 0
1524891465043 -1 0
1524891465044 0 1
1524891465045 -1 0
1524891465046 -1 0
1524891465047 -1 0
1524891465048 -1 0
1524891465049 -1 1
1524891465050 -1 0
1524891465052 -1 0
1524891465053 -1 0
1524891465054 0 1
1524891465055 -1 0
1524891465056 -1 0
1524891465058 -1 0
1524891465061 -1 0
1524891465063 -1 0
1524891465064 0 1
1524891465066 -1 0
1524891465069 -1 0
1524891465072 -1 0
1524891465077 0 1
1524891465078 -1 0
1524891465083 -1 0
1524891465087 -1 0
1524891465090 -1 0
1524891465092 -1 0
1524891465093 -1 0
1524891465096 -1 0
1524891465096 -1 0
1524891465098 -1 0
1524891465100 -1 0
1524891465100 -1 0
1524891465101 -1 0
1524891465102 -1 0
1524891465103 -1 0
1524891465105 -1 -1
1524891465106 -1 0
1524891465107 -1 0
1524891465108 -1 0
1524891465109 -1 0
1524891465110 -1 0
1524891465111 -2 0
1524891465113 -2 0
1524891465115 -2 0
1524891465116 -1 0
1524891465117 -1 0
1524891465118 -1 0
1524891465119 -1 0
1524891465120 -1 0
1524891465121 -1 0
1524891465122 -1 0
1524891465123 -1 0
1524891465124 -1 0
1524891465125 -2 0
1524891465127 -2 0
1524891465129 -2 0
1524891465130 -2 1
1524891465131 -1 0
1524891465132 -1 0
1524891465133 -1 0
1524891465134 -1 0
1524891465136 -2 1
1524891465138 -1 0
1524891465139 -1 0
1524891465140 -1 0
1524891465141 -1 1
1524891465142 -1 0
1524891465143 -1 0
1524891465144 -1 0
1524891465145 -1 1
1524891465146 -1 0
1524891465147 -1 0
1524891465148 -1 0
1524891465149 -1 1
1524891465150 -1 0
1524891465152 -1 0
1524891465153 -1 0
1524891465154 -1 1
1524891465155 -1 0
1524891465157 -1 0
1524891465158 -1 0
1524891465159 -1 1
1524891465161 -1 0
1524891465162 -1 0
1524891465164 -1 0
1524891465166 -1 1
1524891465169 -1 0
1524891465171 -1 0
1524891465174 -1 0
1524891465177 -1 0
1524891465185 -1 0
1524891465198 -1 0
1524891465220 -1 0
1524891465223 -1 0
1524891465225 -1 -1
1524891465227 -1 0
1524891465229 -1 -1
1524891465230 -1 0
1524891465232 -1 0
1524891465233 -1 0
1524891465234 -1 -1
1524891465235 -1 0
1524891465237 -1 0
1524891465238 -1 -1
1524891465239 -1 0
1524891465241 -1 0
1524891465242 -1 0
1524891465243 -2 -1
1524891465245 -1 0
1524891465246 -1 0
1524891465248 -1 0
1524891465249 -1 0
1524891465251 -1 0
1524891465252 -1 0
1524891465254 -1 0
1524891465255 -1 0
1524891465258 -1 0
1524891465259 -1 0
1524891465261 -1 0
1524891465263 -1 0
1524891465266 -1 0
1524891465269 -1 0
1524891465271 -1 0
1524891465276 -1 0
1524891465280 -1 0
1524891465324 -1 0
1524891465326 0 -1
1524891465337 0 -1
1524891465370 -1 0
1524891465429 0 -1
1524891465455 0 -1
1524891465538 1 0
1524891465542 0 -1
1524891465544 1 0
1524891465547 1 0
1524891465548 0 -1
1524891465549 1 0
1524891465551 1 0
1524891465552 0 -1
1524891465553 1 0
1524891465554 1 0
1524891465555 1 -1
1524891465556 1 0
1524891465557 1 0
1524891465559 1 -1
1524891465560 1 0
1524891465561 0 -1
1524891465562 1 0
1524891465563 1 0
1524891465564 1 -1
1524891465565 1 0
1524891465567 1 -1
1524891465568 1 0
1524891465569 1 -1
1524891465570 1 0
1524891465571 1 -1
1524891465572 1 0
1524891465573 1 0
1524891465574 1 -1
1524891465575 1 0
1524891465576 1 0
1524891465577 1 -1
1524891465578 1 0
1524891465579 1 -1
1524891465580 1 0
1524891465581 1 0
1524891465582 1 -1
1524891465583 2 0
1524891465584 1 0
1524891465585 1 -1
1524891465586 1 0
1524891465587 1 0
1524891465588 1 0
1524891465589 1 -1
1524891465590 2 0
1524891465592 2 0
1524891465593 0 -1
1524891465594 2 0
1524891465596 2 0
1524891465597 1 0
1524891465598 1 -1
1524891465600 2 0
1524891465602 1 0
1524891465603 1 0
1524891465604 1 0
1524891465605 1 0
1524891465606 1 0
1524891465607 0 -1
1524891465608 1 0
1524891465609 1 0
1524891465610 1 0
1524891465611 1 0
1524891465612 1 0
1524891465614 1 0
1524891465615 1 0
1524891465616 1 0
1524891465618 1 0
1524891465620 1 0
1524891465621 1 0
1524891465623 1 0
1524891465624 1 0
1524891465626 1 0
1524891465627 1 0
1524891465629 1 0
1524891465630 1 0
1524891465631 1 0
1524891465633 0 1
1524891465634 1 0
1524891465635 1 0
1524891465636 1 0
1524891465637 1 0
1524891465639 1 0
1524891465640 1 0
1524891465641 1 0
1524891465642 1 1
1524891465644 1 0
1524891465645 1 0
1524891465646 1 0
1524891465647 1 0
1524891465648 1 0
1524891465649 1 1
1524891465651 1 0
1524891465652 2 0
1524891465653 1 0
1524891465655 1 0
1524891465656 1 0
1524891465657 1 0
1524891465658 1 0
1524891465659 1 0
1524891465660 1 0
1524891465661 1 0
1524891465662 1 0
1524891465663 2 0
1524891465665 2 0
1524891465667 2 0
1524891465668 1 0
1524891465669 1 1
1524891465670 1 0
1524891465671 1 0
1524891465672 1 0
1524891465673 1 0
1524891465674 1 0
1524891465675 1 0
1524891465676 1 0
1524891465677 1 0
1524891465678 1 0
1524891465679 1 0
1524891465680 1 0
1524891465681 1 0
1524891465682 1 0
1524891465683 1 0
1524891465684 1 0
1524891465686 1 0
1524891465687 1 0
1524891465688 1 -1
1524891465689 1 0
1524891465691 1 0
1524891465692 1 0
1524891465695 1 0
1524891465695 1 -1
1524891465698 1 0
1524891465700 1 0
1524891465701 1 0
1524891465702 0 -1
1524891465704 1 0
1524891465708 1 0
1524891465712 1 0
1524891465715 1 0
1524891465719 1 0
1524891465723 1 0
1524891465727 1 0
1524891465732 1 0
1524891465737 1 0
1524891465738 0 1
1524891465741 1 0
1524891465744 1 0
1524891465746 0 1
1524891465747 1 0
1524891465750 1 0
1524891465753 1 0
1524891465754 0 1
1524891465756 1 0
1524891465758 1 0
1524891465760 1 0
1524891465762 1 1
1524891465765 1 0
1524891465767 1 0
1524891465769 1 0
1524891465770 1 0
1524891465773 1 0
1524891465775 1 0
1524891465777 1 0
1524891465778 1 1
1524891465780 1 0
1524891465782 1 0
1524891465783 1 0
1524891465785 1 0
1524891465786 1 0
1524891465788 1 0
1524891465789 1 0
1524891465791 1 0
1524891465792 1 0
1524891465794 1 0
1524891465795 1 0
1524891465797 1 0
1524891465798 1 0
1524891465800 1 0
1524891465801 1 0
1524891465803 1 0
1524891465804 1 0
1524891465806 1 0
1524891465808 1 0
1524891465810 1 0
1524891465811 1 0
1524891465812 0 -1
1524891465814 1 0
1524891465816 1 0
1524891465819 1 0
1524891465822 1 -1
1524891465825 1 0
1524891465827 1 0
1524891465833 1 0
1524891465836 1 0
1524891465842 1 0
1524891465847 1 0
1524891465852 1 0
1524891465859 1 0
1524891465864 1 0
1524891465868 0 1
1524891465869 1 0
1524891465874 1 0
1524891465879 1 0
1524891465883 1 0
1524891465884 0 1
1524891465890 1 0
1524891465894 1 0
1524891465902 1 0
1524891465904 1 0
1524891465909 1 0
1524891465912 1 0
1524891465919 1 0
1524891465923 1 0
1524891465927 1 0
1524891465929 1 0
1524891465933 1 0
1524891465936 1 0
1524891465938 1 0
1524891465940 1 0
1524891465942 1 0
1524891465943 1 0
1524891465945 0 -1
1524891465946 1 0
1524891465948 1 0
1524891465950 1 0
1524891465951 1 0
1524891465954 1 0
1524891465955 1 0
1524891465958 1 0
1524891465960 1 0
1524891465962 1 0
1524891465963 1 0
1524891465966 1 0
1524891465968 1 0
1524891465970 1 0
1524891465972 1 0
1524891465975 1 0
1524891465977 1 0
1524891465981 1 0
1524891465985 1 0
1524891465989 1 0
1524891465991 0 1
1524891465993 1 0
1524891465996 1 0
1524891466002 1 0
1524891466005 1 0
1524891466009 1 0
1524891466010 0 1
1524891466013 1 0
1524891466016 1 0
1524891466018 1 1
1524891466020 1 0
1524891466022 1 0
1524891466024 1 0
1524891466025 1 1
1524891466027 1 0
1524891466029 1 0
1524891466031 1 0
1524891466032 1 0
1524891466034 1 1
1524891466035 1 0
1524891466037 1 0
1524891466038 1 0
1524891466040 1 0
1524891466041 1 0
1524891466042 1 0
1524891466044 1 0
1524891466045 1 0
1524891466046 1 1
1524891466048 1 0
1524891466049 1 0
1524891466050 1 0
1524891466051 1 0
1524891466052 1 0
1524891466053 1 0
1524891466055 1 0
1524891466056 1 0
1524891466057 1 0
1524891466059 1 0
1524891466060 1 0
1524891466061 1 0
1524891466062 1 0
1524891466063 1 0
1524891466064 1 0
1524891466065 1 0
1524891466066 1 0
1524891466067 1 0
1524891466068 1 0
1524891466070 1 0
1524891466071 1 0
1524891466073 1 0
1524891466076 1 0
1524891466079 1 0
1524891466094 1 0
1524891466136 1 0
1524891466141 1 0
1524891466143 1 -1
1524891466145 1 0
1524891466147 1 -1
1524891466149 1 0
