1524850941686 0 1
1524850941700 -1 0
1524850941701 0 1
1524850941705 0 1
1524850941708 0 1
1524850941711 0 1
1524850941714 0 1
1524850941717 0 1
1524850941719 0 1
1524850941721 0 1
1524850941722 -1 0
1524850941724 0 1
1524850941726 0 1
1524850941728 0 1
1524850941730 0 1
1524850941732 0 1
1524850941734 0 1
1524850941736 0 1
1524850941738 0 1
1524850941740 0 1
1524850941741 0 1
1524850941743 -1 1
1524850941746 0 1
1524850941747 0 1
1524850941749 0 1
1524850941751 0 1
1524850941753 0 1
1524850941755 0 1
1524850941757 0 1
1524850941759 0 1
1524850941761 0 1
1524850941763 0 1
1524850941765 0 1
1524850941767 0 1
1524850941768 0 1
1524850941771 0 1
1524850941772 0 1
1524850941774 0 1
1524850941776 0 1
1524850941778 0 1
1524850941780 0 1
1524850941781 0 1
1524850941783 0 1
1524850941785 0 1
1524850941786 0 1
1524850941787 0 1
1524850941789 0 1
1524850941791 0 1
1524850941792 0 1
1524850941794 0 1
1524850941795 0 1
1524850941798 0 1
1524850941799 0 1
1524850941800 0 1
1524850941802 0 1
1524850941803 0 1
1524850941805 0 1
1524850941806 0 1
1524850941808 0 1
1524850941809 0 1
1524850941811 0 1
1524850941812 0 1
1524850941813 0 1
1524850941815 0 1
1524850941816 0 1
1524850941817 0 1
1524850941819 0 1
1524850941820 0 1
1524850941822 0 1
1524850941824 0 1
1524850941825 0 1
1524850941826 0 1
1524850941827 0 1
1524850941829 0 1
1524850941830 0 1
1524850941832 0 1
1524850941833 0 1
1524850941835 0 1
1524850941836 0 1
1524850941837 0 1
1524850941838 0 1
1524850941839 0 1
1524850941840 0 1
1524850941842 0 1
1524850941843 0 1
1524850941845 0 1
1524850941846 0 1
1524850941847 0 1
1524850941848 0 1
1524850941849 0 1
1524850941850 0 1
1524850941851 0 1
1524850941852 0 1
1524850941853 0 1
1524850941855 0 1
1524850941856 0 1
1524850941857 0 1
1524850941858 0 1
1524850941859 0 1
1524850941859 0 1
1524850941860 0 1
1524850941862 0 1
1524850941863 0 1
1524850941864 0 1
1524850941865 0 1
1524850941866 0 1
1524850941867 0 1
1524850941868 0 1
1524850941869 0 1
1524850941870 0 1
1524850941871 0 1
1524850941872 0 1
1524850941873 0 1
1524850941874 0 1
1524850941876 0 1
1524850941877 1 1
1524850941877 0 1
1524850941878 0 1
1524850941879 0 1
1524850941880 0 1
1524850941881 0 1
1524850941882 0 1
1524850941883 0 1
1524850941884 0 1
1524850941885 0 1
1524850941886 0 1
1524850941887 0 1
1524850941888 0 1
1524850941889 0 1
1524850941890 0 2
1524850941891 1 1
1524850941892 0 1
1524850941893 0 1
1524850941894 0 1
1524850941895 0 1
1524850941896 0 1
1524850941897 0 1
1524850941898 0 1
1524850941899 0 1
1524850941900 0 1
1524850941901 0 2
1524850941903 0 2
1524850941905 0 2
1524850941906 0 1
1524850941908 0 1
1524850941908 0 1
1524850941909 1 2
1524850941911 0 1
1524850941912 0 1
1524850941913 0 1
1524850941914 0 1
1524850941915 0 1
1524850941916 0 1
1524850941917 0 2
1524850941919 0 2
1524850941921 0 2
1524850941922 0 1
1524850941923 0 1
1524850941924 0 1
1524850941925 0 2
1524850941928 0 2
1524850941930 0 2
1524850941932 0 2
1524850941934 0 1
1524850941935 0 2
1524850941937 0 2
1524850941939 0 1
1524850941940 0 1
1524850941941 0 1
1524850941942 0 1
1524850941943 0 1
1524850941944 0 2
1524850941945 0 1
1524850941946 0 1
1524850941947 0 1
1524850941948 0 1
1524850941949 0 1
1524850941950 0 1
1524850941951 0 1
1524850941952 0 1
1524850941953 0 1
1524850941954 0 1
1524850941955 0 1
1524850941956 0 1
1524850941957 0 1
1524850941958 0 1
1524850941959 0 1
1524850941960 0 2
1524850941962 0 2
1524850941964 0 2
1524850941965 0 1
1524850941966 0 1
1524850941967 0 1
1524850941968 0 1
1524850941969 0 1
1524850941970 0 2
1524850941972 0 2
1524850941973 0 1
1524850941974 1 1
1524850941975 0 1
1524850941976 0 1
1524850941977 0 1
1524850941978 0 2
1524850941979 0 1
1524850941980 0 1
1524850941981 0 1
1524850941982 0 1
1524850941983 0 2
1524850941984 0 1
1524850941985 0 1
1524850941986 0 2
1524850941987 0 1
1524850941988 1 2
1524850941990 0 2
1524850941991 0 1
1524850941992 0 1
1524850941993 0 3
1524850941994 0 1
1524850941995 0 1
1524850941996 0 2
1524850941997 0 1
1524850941998 0 1
1524850941999 1 2
1524850942000 0 1
1524850942001 0 1
1524850942002 0 2
1524850942003 0 1
1524850942004 0 1
1524850942005 0 2
1524850942006 0 1
1524850942007 1 1
1524850942008 0 2
1524850942009 0 1
1524850942010 0 2
1524850942011 0 1
1524850942012 0 2
1524850942013 0 1
1524850942014 0 2
1524850942015 0 1
1524850942016 0 2
1524850942017 0 1
1524850942018 0 1
1524850942019 0 2
1524850942020 0 1
1524850942021 1 2
1524850942022 0 1
1524850942023 0 1
1524850942024 0 1
1524850942025 0 2
1524850942026 0 1
1524850942027 0 1
1524850942028 0 2
1524850942029 0 1
1524850942030 0 1
1524850942031 0 2
1524850942032 0 1
1524850942033 0 1
1524850942034 0 2
1524850942035 0 2
1524850942036 0 1
1524850942037 1 1
1524850942038 0 1
1524850942039 0 2
1524850942040 0 1
1524850942041 0 1
1524850942042 0 1
1524850942043 0 2
1524850942044 0 1
1524850942045 1 1
1524850942046 0 2
1524850942047 0 2
1524850942048 0 1
1524850942049 0 1
1524850942050 0 1
1524850942052 0 1
1524850942052 0 2
1524850942053 0 1
1524850942054 1 1
1524850942055 0 1
1524850942056 0 2
1524850942058 0 2
1524850942059 1 1
1524850942060 0 1
1524850942061 0 1
1524850942062 0 2
1524850942063 0 1
1524850942064 0 1
1524850942065 0 1
1524850942066 1 1
1524850942067 0 2
1524850942068 0 1
1524850942069 0 1
1524850942070 0 1
1524850942071 0 1
1524850942072 1 1
1524850942073 0 2
1524850942075 0 2
1524850942077 0 2
1524850942078 0 1
1524850942079 0 1
1524850942080 0 1
1524850942081 0 1
1524850942082 1 1
1524850942083 0 2
1524850942084 0 1
1524850942085 0 1
1524850942086 0 1
1524850942087 0 1
1524850942088 1 1
1524850942089 0 2
1524850942090 0 1
1524850942091 0 2
1524850942092 0 1
1524850942093 0 1
1524850942094 0 2
1524850942095 0 1
1524850942096 1 1
1524850942097 0 1
1524850942098 0 2
1524850942099 0 1
1524850942100 0 1
1524850942101 0 1
1524850942102 0 2
1524850942103 0 1
1524850942104 0 1
1524850942105 0 1
1524850942106 1 2
1524850942107 0 1
1524850942108 0 2
1524850942109 0 1
1524850942110 0 1
1524850942111 0 2
1524850942112 1 2
1524850942113 0 1
1524850942115 0 1
1524850942115 0 2
1524850942116 0 1
1524850942117 0 2
1524850942118 0 1
1524850942119 0 1
1524850942120 0 2
1524850942121 1 1
1524850942122 0 2
1524850942123 0 2
1524850942124 0 1
1524850942125 0 2
1524850942126 0 1
1524850942127 1 2
1524850942128 0 1
1524850942129 0 1
1524850942130 0 2
1524850942131 0 2
1524850942132 1 1
1524850942133 0 1
1524850942134 0 2
1524850942135 0 1
1524850942136 0 2
1524850942137 1 1
1524850942138 0 2
1524850942139 0 1
1524850942140 0 2
1524850942141 0 2
1524850942142 1 1
1524850942143 0 1
1524850942144 0 2
1524850942145 0 1
1524850942146 1 1
1524850942147 0 2
1524850942148 0 1
1524850942149 0 2
1524850942150 1 1
1524850942151 0 1
1524850942152 0 2
1524850942153 0 1
1524850942154 1 1
1524850942155 0 1
1524850942156 0 1
1524850942157 0 2
1524850942158 1 1
1524850942159 0 1
1524850942160 0 1
1524850942161 0 2
1524850942162 1 1
1524850942163 0 1
1524850942164 1 3
1524850942165 0 1
1524850942167 0 1
1524850942168 1 2
1524850942169 0 1
1524850942170 0 1
1524850942171 1 1
1524850942172 0 1
1524850942173 0 1
1524850942174 1 1
1524850942175 0 1
1524850942176 0 2
1524850942177 1 0
1524850942178 0 2
1524850942179 0 1
1524850942180 1 1
1524850942181 0 1
1524850942182 0 1
1524850942183 1 1
1524850942184 0 1
1524850942185 0 1
1524850942186 1 1
1524850942187 0 1
1524850942188 0 1
1524850942189 1 1
1524850942189 0 1
1524850942190 1 1
1524850942191 0 1
1524850942192 1 1
1524850942193 0 1
1524850942194 1 1
1524850942195 0 2
1524850942196 1 0
1524850942197 0 2
1524850942198 1 1
1524850942199 0 1
1524850942200 1 1
1524850942201 0 1
1524850942203 1 1
1524850942204 0 1
1524850942205 1 2
1524850942206 0 1
1524850942208 1 1
1524850942209 1 2
1524850942210 0 1
1524850942211 1 1
1524850942212 1 1
1524850942214 0 1
1524850942214 1 2
1524850942216 0 1
1524850942216 1 1
1524850942217 0 1
1524850942219 1 1
1524850942220 1 1
1524850942220 0 1
1524850942221 1 2
1524850942223 1 1
1524850942224 0 2
1524850942225 1 1
1524850942226 1 1
1524850942227 0 1
1524850942228 1 1
1524850942229 0 1
1524850942230 1 2
1524850942231 1 1
1524850942232 0 1
1524850942233 0 1
1524850942234 2 2
1524850942236 0 2
1524850942237 1 1
1524850942238 1 1
1524850942240 0 1
1524850942241 1 2
1524850942241 0 1
1524850942242 1 1
1524850942243 1 1
1524850942244 1 1
1524850942245 0 2
1524850942246 1 1
1524850942247 1 2
1524850942248 1 1
1524850942250 0 1
1524850942251 1 1
1524850942252 1 2
1524850942252 0 1
1524850942253 1 1
1524850942254 1 2
1524850942255 0 1
1524850942256 1 1
1524850942257 1 1
1524850942258 1 1
1524850942259 0 1
1524850942260 1 2
1524850942261 0 1
1524850942263 1 1
1524850942264 1 1
1524850942265 0 1
1524850942266 1 2
1524850942267 1 1
1524850942268 1 1
1524850942269 0 1
1524850942271 1 1
1524850942272 1 2
1524850942272 1 1
1524850942273 0 1
1524850942274 1 1
1524850942275 0 1
1524850942276 1 2
1524850942277 2 2
1524850942278 0 1
1524850942279 1 1
1524850942280 1 1
1524850942281 0 2
1524850942282 1 0
1524850942283 0 2
1524850942284 1 1
1524850942285 1 1
1524850942286 1 1
1524850942287 0 1
1524850942288 1 1
1524850942289 0 1
1524850942290 1 1
1524850942291 0 1
1524850942292 0 1
1524850942293 1 1
1524850942294 1 1
1524850942295 0 1
1524850942297 1 1
1524850942298 0 1
1524850942299 1 1
1524850942300 0 1
1524850942302 1 1
1524850942302 0 1
1524850942303 0 1
1524850942305 1 1
1524850942306 0 1
1524850942307 1 1
1524850942308 0 1
1524850942310 1 1
1524850942311 0 1
1524850942312 1 1
1524850942314 0 1
1524850942316 1 1
1524850942317 0 1
1524850942318 1 1
1524850942320 0 1
1524850942321 1 1
1524850942322 0 1
1524850942323 1 1
1524850942324 0 1
1524850942325 1 1
1524850942327 0 1
1524850942329 1 1
1524850942329 0 1
1524850942331 1 1
1524850942333 0 1
1524850942335 1 1
1524850942336 0 1
1524850942338 1 1
1524850942339 0 1
1524850942341 1 1
1524850942342 0 1
1524850942343 1 0
1524850942344 0 1
1524850942346 0 1
1524850942347 1 1
1524850942349 0 1
1524850942350 1 1
1524850942351 0 1
1524850942353 0 1
1524850942354 1 0
1524850942355 0 1
1524850942357 0 1
1524850942358 1 1
1524850942359 0 1
1524850942361 0 1
1524850942363 0 1
1524850942365 1 1
1524850942367 0 1
1524850942368 0 1
1524850942370 1 1
1524850942373 0 1
1524850942374 0 1
1524850942377 0 1
1524850942379 0 1
1524850942382 0 1
1524850942384 0 1
1524850942387 0 1
1524850942390 0 1
1524850942394 0 1
1524850942400 0 1
1524850942407 0 1
1524850942430 0 1
1524850942433 -1 0
1524850942437 0 1
1524850942444 -1 0
1524850942449 0 1
1524850942452 -1 0
1524850942456 0 1
1524850942476 -1 0
1524850942546 -1 0
1524850942555 -1 0
1524850942566 -1 0
1524850942574 -1 0
1524850942580 -1 0
1524850942582 0 1
1524850942585 -1 0
1524850942589 -1 0
1524850942592 -1 0
1524850942595 -1 0
1524850942599 -1 0
1524850942601 -1 0
1524850942603 -1 0
1524850942605 -1 0
1524850942609 -1 0
1524850942610 -1 0
1524850942611 -1 0
1524850942614 -1 0
1524850942614 -1 0
1524850942617 -1 0
1524850942617 -1 0
1524850942618 -1 0
1524850942619 -1 0
1524850942620 -1 0
1524850942621 -1 0
1524850942622 -1 0
1524850942625 -1 0
1524850942626 -1 0
1524850942626 -1 0
1524850942627 -1 0
1524850942628 -1 0
1524850942629 -1 0
1524850942631 -1 0
1524850942633 -1 0
1524850942633 -1 0
1524850942634 -1 0
1524850942635 -1 0
1524850942636 -1 0
1524850942638 -1 0
1524850942639 -1 0
1524850942640 -1 0
1524850942641 -1 0
1524850942643 -1 0
1524850942644 -1 0
1524850942646 -1 0
1524850942647 -1 0
1524850942648 -1 0
1524850942649 -1 0
1524850942650 -1 0
1524850942652 -2 0
1524850942654 -1 0
1524850942655 -1 0
1524850942657 -1 0
1524850942657 -1 0
1524850942659 -1 0
1524850942660 -1 0
1524850942662 -1 0
1524850942663 -1 0
1524850942665 -1 0
1524850942666 -1 0
1524850942667 -1 0
1524850942668 -1 0
1524850942669 -1 0
1524850942671 -1 0
1524850942672 -1 0
1524850942673 -2 0
1524850942674 -1 0
1524850942675 -1 0
1524850942676 -1 0
1524850942677 -1 -1
1524850942678 -1 0
1524850942679 -1 0
1524850942680 -1 0
1524850942681 -1 0
1524850942683 -2 0
1524850942684 -1 0
1524850942685 -1 0
1524850942686 -1 -1
1524850942687 -1 0
1524850942688 -2 0
1524850942689 -1 0
1524850942690 -1 0
1524850942691 -1 0
1524850942692 -2 -1
1524850942693 -1 0
1524850942694 -1 0
1524850942695 -2 0
1524850942696 -1 0
1524850942697 -1 0
1524850942698 -2 0
1524850942699 -1 -1
1524850942700 -2 0
1524850942701 -1 0
1524850942702 -2 0
1524850942704 -2 0
1524850942704 -3 -1
1524850942705 -1 0
1524850942706 -2 0
1524850942707 -2 0
1524850942708 -2 0
1524850942709 -2 0
1524850942710 -2 -1
1524850942711 -2 0
1524850942713 -2 0
1524850942714 -2 0
1524850942715 -2 0
1524850942716 -3 -1
1524850942717 -2 0
1524850942718 -4 0
1524850942719 -2 0
1524850942720 -2 0
1524850942721 -3 0
1524850942722 -2 -1
1524850942723 -2 0
1524850942724 -2 0
1524850942725 -2 0
1524850942726 -2 0
1524850942727 -3 0
1524850942728 -2 0
1524850942729 -2 0
1524850942730 -2 0
1524850942731 -2 0
1524850942732 -2 0
1524850942733 -2 0
1524850942734 -5 0
1524850942735 -2 0
1524850942736 -2 0
1524850942737 -2 0
1524850942738 -2 0
1524850942739 -2 0
1524850942740 -2 0
1524850942741 -2 0
1524850942742 -1 0
1524850942743 -2 0
1524850942744 -2 0
1524850942745 -2 0
1524850942746 -2 0
1524850942747 -2 0
1524850942748 -2 0
1524850942749 -2 0
1524850942750 -2 0
1524850942751 -2 0
1524850942752 -2 0
1524850942753 -1 0
1524850942754 -2 0
1524850942755 -2 0
1524850942756 -2 0
1524850942757 -1 1
1524850942758 -2 0
1524850942759 -1 0
1524850942760 -2 0
1524850942761 -1 0
1524850942762 -2 0
1524850942763 -1 0
1524850942764 -1 0
1524850942765 -2 0
1524850942766 -1 1
1524850942767 -2 0
1524850942768 -2 0
1524850942769 -1 0
1524850942770 -1 0
1524850942771 -1 0
1524850942772 -2 0
1524850942773 -1 1
1524850942774 -1 0
1524850942775 -2 0
1524850942777 -2 0
1524850942778 -1 0
1524850942779 -1 0
1524850942780 -2 0
1524850942781 -1 0
1524850942782 -1 0
1524850942783 -1 0
1524850942784 -2 0
1524850942785 -1 0
1524850942786 -1 0
1524850942787 -1 1
1524850942788 -1 0
1524850942789 -1 0
1524850942791 -2 0
1524850942793 -1 0
1524850942794 -1 0
1524850942795 -1 0
1524850942796 -1 0
1524850942797 -1 0
1524850942798 -1 0
1524850942799 -1 0
1524850942800 -1 0
1524850942802 -1 0
1524850942803 -1 0
1524850942804 -1 1
1524850942805 -1 0
1524850942806 -1 0
1524850942807 -1 0
1524850942809 -1 0
1524850942810 -1 0
1524850942811 -1 0
1524850942812 -1 0
1524850942813 -1 0
1524850942814 -1 0
1524850942816 -1 0
1524850942817 -1 0
1524850942818 -1 0
1524850942820 -1 0
1524850942821 -1 0
1524850942823 -1 0
1524850942824 -1 1
1524850942825 -1 0
1524850942827 -1 0
1524850942828 -1 0
1524850942829 -1 0
1524850942830 0 1
1524850942831 -1 0
1524850942832 -1 0
1524850942834 -2 0
1524850942836 -1 0
1524850942837 -1 0
1524850942839 -1 1
1524850942840 -1 0
1524850942841 -1 0
1524850942842 -1 0
1524850942844 -1 0
1524850942845 -1 1
1524850942846 -1 0
1524850942848 -1 0
1524850942849 -1 0
1524850942850 -1 0
1524850942851 0 1
1524850942851 -1 0
1524850942853 -1 0
1524850942853 -1 0
1524850942855 -1 1
1524850942857 -1 0
1524850942858 0 1
1524850942860 -1 0
1524850942860 -1 0
1524850942862 -1 0
1524850942863 -1 0
1524850942866 0 1
1524850942866 -1 0
1524850942870 -1 1
1524850942872 -1 0
1524850942873 -1 0
1524850942876 -1 1
1524850942879 -1 0
1524850942881 -1 0
1524850942882 0 1
1524850942884 -1 0
1524850942890 -1 0
1524850942894 -1 1
1524850942901 -1 0
1524850942907 -1 0
1524850942908 0 1
1524850942929 -1 0
1524850942938 -1 0
1524850942943 0 1
1524850942944 -1 0
1524850942948 -1 0
1524850942950 -1 0
1524850942952 -1 0
1524850942954 0 1
1524850942956 -1 0
1524850942958 -1 0
1524850942960 0 1
1524850942961 -1 0
1524850942964 -1 0
1524850942966 -1 1
1524850942969 -1 0
1524850942970 -1 0
1524850942971 0 1
1524850942973 -1 0
1524850942975 -1 1
1524850942978 -1 0
1524850942979 -1 0
1524850942980 0 1
1524850942982 -1 0
1524850942984 -1 1
1524850942986 -1 0
1524850942987 -1 0
1524850942989 0 1
1524850942990 -1 0
1524850942992 -1 0
1524850942993 0 1
1524850942995 -1 0
1524850942997 -1 0
1524850942998 0 1
1524850942999 -1 0
1524850943002 -1 0
1524850943003 0 1
1524850943005 -1 0
1524850943006 0 1
1524850943007 -1 0
1524850943010 -1 0
1524850943011 0 1
1524850943014 -1 0
1524850943015 0 1
1524850943016 -1 0
1524850943019 -1 1
1524850943022 -1 0
1524850943026 -1 1
1524850943030 -1 0
1524850943031 0 1
1524850943036 -1 0
1524850943039 0 1
1524850943040 -1 0
1524850943044 -1 0
1524850943047 0 1
1524850943049 -1 0
1524850943056 -1 0
1524850943061 -1 0
1524850943065 0 1
1524850943071 -1 0
1524850943256 0 1
1524850943259 1 0
1524850943262 1 0
1524850943265 1 0
1524850943266 0 1
1524850943269 1 0
1524850943272 1 0
1524850943276 1 1
1524850943279 1 0
1524850943282 1 0
1524850943284 0 1
1524850943285 1 0
1524850943288 1 0
1524850943291 1 0
1524850943293 0 1
1524850943295 1 0
1524850943298 1 0
1524850943301 0 1
1524850943302 1 0
1524850943304 1 0
1524850943308 1 0
1524850943309 0 1
1524850943313 1 0
1524850943317 1 0
1524850943321 0 1
1524850943322 1 0
1524850943326 1 0
1524850943329 0 1
1524850943331 1 0
1524850943334 1 0
1524850943339 1 0
1524850943341 0 1
1524850943343 1 0
1524850943349 1 0
1524850943352 0 1
1524850943353 1 0
1524850943357 1 0
1524850943362 1 0
1524850943366 1 0
1524850943368 0 1
1524850943370 1 0
1524850943374 1 0
1524850943380 1 0
1524850943384 1 0
1524850943387 1 1
1524850943389 1 0
1524850943393 1 0
1524850943396 1 0
1524850943397 0 1
1524850943399 1 0
1524850943401 1 0
1524850943403 1 0
1524850943406 1 0
1524850943409 1 0
1524850943410 0 1
1524850943412 1 0
1524850943415 1 0
1524850943418 1 0
1524850943421 0 1
1524850943422 1 0
1524850943426 1 0
1524850943430 1 0
1524850943433 1 0
1524850943437 1 0
1524850943438 0 1
1524850943440 1 0
1524850943445 1 0
1524850943448 1 1
1524850943452 1 0
1524850943455 1 0
1524850943457 1 0
1524850943458 0 1
1524850943459 1 0
1524850943462 1 0
1524850943465 1 1
1524850943468 1 0
1524850943472 1 0
1524850943473 1 1
1524850943474 1 0
1524850943477 1 0
1524850943479 1 0
1524850943480 0 1
1524850943482 1 0
1524850943484 1 0
1524850943486 1 1
1524850943489 1 0
1524850943491 1 0
1524850943491 1 1
1524850943494 1 0
1524850943495 1 0
1524850943497 0 1
1524850943498 1 0
1524850943499 1 0
1524850943501 1 0
1524850943502 1 1
1524850943504 1 0
1524850943505 1 0
1524850943507 1 1
1524850943508 1 0
1524850943510 1 0
1524850943511 0 1
1524850943512 2 0
1524850943514 1 0
1524850943515 1 0
1524850943516 0 1
1524850943517 1 0
1524850943519 1 0
1524850943520 1 1
1524850943521 1 0
1524850943523 1 0
1524850943524 1 1
1524850943526 1 0
1524850943527 1 0
1524850943530 2 0
1524850943532 0 1
1524850943532 1 0
1524850943534 1 1
1524850943536 1 0
1524850943538 1 0
1524850943539 1 0
1524850943542 1 1
1524850943543 1 0
1524850943545 1 0
1524850943546 0 1
1524850943547 1 0
1524850943549 1 0
1524850943551 1 0
1524850943553 1 1
1524850943555 1 0
1524850943558 1 0
1524850943561 1 1
1524850943564 1 0
1524850943567 1 1
1524850943569 1 0
1524850943574 1 0
1524850943577 1 0
1524850943578 0 1
1524850943581 1 0
1524850943583 1 0
1524850943584 0 1
1524850943587 1 0
1524850943589 1 0
1524850943592 1 1
1524850943594 1 0
1524850943596 1 1
1524850943598 1 0
1524850943601 1 0
1524850943602 1 1
1524850943604 1 0
1524850943606 1 1
1524850943608 1 0
1524850943610 1 0
1524850943611 1 0
1524850943612 0 1
1524850943613 1 0
1524850943615 1 1
1524850943616 1 0
1524850943617 1 0
1524850943619 1 0
1524850943621 1 1
1524850943622 1 0
1524850943623 1 0
1524850943625 1 0
1524850943626 1 1
1524850943628 1 0
1524850943630 1 1
1524850943631 1 0
1524850943632 1 0
1524850943633 1 0
1524850943635 1 1
1524850943636 1 0
1524850943638 1 1
1524850943639 1 0
1524850943640 1 0
1524850943642 1 0
1524850943643 1 1
1524850943644 1 0
1524850943646 1 0
1524850943646 1 1
1524850943648 1 0
1524850943649 1 1
1524850943651 1 0
1524850943652 1 0
1524850943654 1 1
1524850943655 1 0
1524850943657 1 0
1524850943658 1 1
1524850943660 1 0
1524850943662 1 1
1524850943664 1 0
1524850943665 1 0
1524850943666 0 1
1524850943667 1 0
1524850943669 1 0
1524850943671 1 1
1524850943673 1 0
1524850943675 1 0
1524850943676 0 1
1524850943677 1 0
1524850943679 1 0
1524850943681 1 0
1524850943682 0 1
1524850943683 1 0
1524850943686 1 1
1524850943688 1 0
1524850943690 1 0
1524850943692 1 0
1524850943693 0 1
1524850943694 1 0
1524850943696 1 0
1524850943697 0 1
1524850943698 1 0
1524850943701 1 0
1524850943702 1 1
1524850943704 1 0
1524850943706 0 1
1524850943707 1 0
1524850943708 1 0
1524850943710 1 0
1524850943711 1 1
1524850943713 1 0
1524850943715 1 0
1524850943716 0 1
1524850943717 1 0
1524850943718 1 0
1524850943720 1 0
1524850943721 0 1
1524850943722 1 0
1524850943724 1 0
1524850943725 0 1
1524850943726 1 0
1524850943727 1 0
1524850943729 1 0
1524850943730 1 0
1524850943731 0 1
1524850943732 1 0
1524850943735 1 0
1524850943736 1 1
1524850943738 1 0
1524850943739 1 0
1524850943741 1 0
1524850943742 0 1
1524850943743 1 0
1524850943745 1 0
1524850943746 1 1
1524850943748 1 0
1524850943750 1 0
1524850943752 1 1
1524850943753 1 0
1524850943755 1 0
1524850943757 1 1
1524850943758 1 0
1524850943760 1 0
1524850943761 1 0
1524850943763 1 1
1524850943765 1 0
1524850943767 1 0
1524850943769 1 1
1524850943771 1 0
1524850943772 1 0
1524850943773 0 1
1524850943774 1 0
1524850943775 1 0
1524850943777 1 0
1524850943780 1 1
1524850943782 1 0
1524850943784 1 0
1524850943786 1 0
1524850943788 1 1
1524850943790 1 0
1524850943791 1 0
1524850943793 1 1
1524850943795 1 0
1524850943798 1 0
1524850943799 1 0
1524850943800 0 1
1524850943801 1 0
1524850943802 1 0
1524850943803 0 1
1524850943804 1 0
1524850943806 1 0
1524850943807 1 0
1524850943808 1 0
1524850943810 1 0
1524850943811 1 0
1524850943812 0 1
1524850943814 1 0
1524850943815 1 0
1524850943816 0 1
1524850943817 1 0
1524850943818 1 0
1524850943820 1 0
1524850943822 1 1
1524850943824 1 0
1524850943824 1 0
1524850943826 0 1
1524850943827 1 0
1524850943829 1 0
1524850943830 1 0
1524850943832 1 1
1524850943833 1 0
1524850943835 1 0
1524850943837 1 1
1524850943837 1 0
1524850943839 1 0
1524850943842 1 1
1524850943844 1 0
1524850943846 1 0
1524850943846 1 0
1524850943848 1 1
1524850943850 1 0
1524850943853 1 0
1524850943854 0 1
1524850943854 1 0
1524850943856 1 0
1524850943858 1 0
1524850943861 1 0
1524850943864 1 1
1524850943865 1 0
1524850943867 1 0
1524850943869 1 1
1524850943872 1 0
1524850943873 1 0
1524850943877 1 0
1524850943878 1 0
1524850943879 0 1
1524850943881 1 0
1524850943884 1 0
1524850943887 1 0
1524850943888 0 1
1524850943889 1 0
1524850943891 1 0
1524850943894 1 0
1524850943897 1 0
1524850943899 0 1
1524850943900 1 0
1524850943901 1 0
1524850943905 1 0
1524850943907 1 1
1524850943910 1 0
1524850943912 1 0
1524850943914 1 0
1524850943915 0 1
1524850943916 1 0
1524850943918 1 0
1524850943920 1 0
1524850943922 1 1
1524850943924 1 0
1524850943925 1 0
1524850943927 1 1
1524850943928 1 0
1524850943931 1 0
1524850943932 1 0
1524850943933 0 1
1524850943934 1 0
1524850943935 1 0
1524850943938 1 1
1524850943939 1 0
1524850943940 1 0
1524850943942 1 0
1524850943943 1 1
1524850943945 1 0
1524850943946 1 0
1524850943947 0 1
1524850943948 1 0
1524850943950 1 0
1524850943952 1 0
1524850943954 1 0
1524850943955 0 1
1524850943956 1 0
1524850943957 1 0
1524850943959 1 1
1524850943960 1 0
1524850943962 1 0
1524850943964 1 0
1524850943966 1 0
1524850943967 0 1
1524850943969 1 0
1524850943970 1 0
1524850943972 1 0
1524850943973 0 1
1524850943974 1 0
1524850943977 1 0
1524850943979 1 0
1524850943984 1 1
1524850943987 1 0
1524850943992 1 0
1524850943996 1 0
1524850944001 1 1
1524850944005 1 0
1524850944008 1 0
1524850944010 1 0
1524850944013 1 1
1524850944015 1 0
1524850944017 1 0
1524850944019 1 0
1524850944021 1 0
1524850944022 1 0
1524850944024 1 0
1524850944025 0 1
1524850944026 1 0
1524850944027 1 0
1524850944029 1 0
1524850944030 1 0
1524850944031 1 0
1524850944032 1 0
1524850944034 1 0
1524850944035 1 0
1524850944036 0 1
1524850944037 1 0
1524850944038 1 0
1524850944040 1 0
1524850944042 1 1
1524850944043 1 0
1524850944045 1 0
1524850944047 1 0
1524850944049 1 0
1524850944051 1 0
1524850944052 1 0
1524850944054 1 0
1524850944057 1 0
1524850944060 1 0
1524850944063 1 1
1524850944065 1 0
1524850944070 1 0
1524850944079 1 0
1524850944081 0 1
1524850944102 1 0
1524850944278 0 1
1524850944281 -1 0
1524850944286 -1 0
1524850944290 -1 0
1524850944295 -1 0
1524850944298 -1 0
1524850944301 -1 0
1524850944303 -1 0
1524850944306 -1 0
1524850944308 -1 0
1524850944310 -1 0
1524850944312 -1 0
1524850944315 -1 0
1524850944316 -1 0
1524850944318 -1 0
1524850944320 -1 0
1524850944322 -1 0
1524850944323 -1 0
1524850944325 -1 0
1524850944327 -1 0
1524850944329 -1 0
1524850944331 -1 -1
1524850944333 -1 0
1524850944335 -1 0
1524850944337 -1 0
1524850944340 -1 0
1524850944342 -1 0
1524850944345 -1 0
1524850944349 -1 0
1524850944351 0 -1
1524850944354 -1 0
1524850944364 -1 0
1524850944397 -1 0
1524850944405 -1 0
1524850944409 -1 0
1524850944412 -1 0
1524850944415 -1 0
1524850944418 -1 0
1524850944421 -1 0
1524850944423 -1 -1
1524850944426 -1 0
1524850944428 -1 0
1524850944430 -1 0
1524850944432 -1 0
1524850944434 -1 0
1524850944437 -1 0
1524850944439 -1 -1
1524850944441 -1 0
1524850944443 -1 0
1524850944445 -1 0
1524850944447 -1 0
1524850944449 -1 0
1524850944452 -1 0
1524850944455 -1 0
1524850944457 -1 -1
1524850944460 -1 0
1524850944462 -1 0
1524850944464 -1 0
1524850944467 -1 0
1524850944470 -1 0
1524850944471 -1 0
1524850944473 -1 0
1524850944475 -1 0
1524850944477 -1 -1
1524850944479 -1 0
1524850944481 -1 0
1524850944483 -1 0
1524850944485 -1 0
1524850944487 -1 0
1524850944488 -1 -1
1524850944489 -1 0
1524850944491 -1 0
1524850944492 -1 0
1524850944494 -1 0
1524850944495 -1 0
1524850944496 -1 0
1524850944497 -1 0
1524850944498 0 -1
1524850944499 -1 0
1524850944500 -1 0
1524850944501 -1 0
1524850944502 -1 0
1524850944503 -1 0
1524850944504 0 -1
1524850944505 -1 0
1524850944506 -1 0
1524850944507 -1 0
1524850944509 -2 0
1524850944511 -1 0
1524850944512 -1 -1
1524850944513 -1 0
1524850944514 -1 0
1524850944515 -1 0
1524850944516 -1 0
1524850944517 -1 0
1524850944518 -1 -1
1524850944520 -1 0
1524850944520 -1 0
1524850944521 -1 0
1524850944522 -1 0
1524850944523 -1 -1
1524850944524 -1 0
1524850944525 -1 0
1524850944526 -1 0
1524850944527 -1 0
1524850944528 -1 -1
1524850944529 -1 0
1524850944530 -1 0
1524850944532 -2 0
1524850944533 -1 -1
1524850944533 -1 0
1524850944534 -1 0
1524850944535 -1 0
1524850944536 -2 0
1524850944537 -1 -1
1524850944538 -1 0
1524850944539 -1 0
1524850944540 -1 0
1524850944541 -1 0
1524850944542 -1 0
1524850944543 -1 -1
1524850944544 -2 0
1524850944546 -2 0
1524850944548 -2 0
1524850944549 0 -1
1524850944550 -2 0
1524850944551 -1 0
1524850944553 -2 0
1524850944555 -2 -1
1524850944557 -2 0
1524850944559 -1 0
1524850944560 -1 0
1524850944561 -1 0
1524850944563 -1 0
1524850944563 -1 0
1524850944564 -1 -1
1524850944565 -1 0
1524850944566 -1 0
1524850944567 -1 0
1524850944568 -1 0
1524850944569 -1 -1
1524850944571 -2 0
1524850944573 -1 0
1524850944574 -1 0
1524850944575 -1 0
1524850944576 -1 -1
1524850944577 -2 0
1524850944578 -1 0
1524850944579 -1 0
1524850944580 -1 0
1524850944581 -1 0
1524850944582 -1 0
1524850944583 0 -1
1524850944584 -1 0
1524850944585 -2 0
1524850944587 -1 -1
1524850944588 -1 0
1524850944589 -1 0
1524850944590 -1 0
1524850944591 -1 0
1524850944592 -1 0
1524850944593 -1 0
1524850944594 -1 -1
1524850944595 -1 0
1524850944596 -1 0
1524850944597 -1 0
1524850944598 -1 -1
1524850944599 -1 0
1524850944600 -1 0
1524850944601 -1 0
1524850944602 -1 0
1524850944603 -1 -1
1524850944604 -2 0
1524850944606 -2 -1
1524850944607 -1 0
1524850944608 -1 0
1524850944609 -1 0
1524850944610 -1 -1
1524850944611 -1 0
1524850944612 -2 0
1524850944613 -1 0
1524850944614 -1 -1
1524850944615 -1 0
1524850944616 -2 -1
1524850944617 -1 0
1524850944618 -2 0
1524850944620 -2 -1
1524850944621 -2 0
1524850944622 0 -1
1524850944623 -2 0
1524850944624 -1 0
1524850944625 -2 -1
1524850944626 -1 -1
1524850944627 -2 0
1524850944628 -2 -1
1524850944629 -2 -1
1524850944630 -2 0
1524850944631 -2 -1
1524850944632 -2 -1
1524850944633 -1 -1
1524850944634 -2 0
1524850944635 -3 -2
1524850944636 -1 0
1524850944637 -2 -1
1524850944638 -3 -1
1524850944639 -1 -1
1524850944640 -3 -1
1524850944641 -1 -1
1524850944642 -3 -1
1524850944643 -1 -1
1524850944644 -2 0
1524850944645 -1 -2
1524850944646 -3 -1
1524850944647 -1 -1
1524850944647 -3 -1
1524850944649 -2 -1
1524850944650 -2 -2
1524850944651 -2 -1
1524850944652 -1 -1
1524850944654 -1 -1
1524850944655 -2 -1
1524850944655 0 -1
1524850944657 -2 0
1524850944658 -1 -2
1524850944658 -1 0
1524850944659 -1 -1
1524850944660 0 -1
1524850944661 -1 -1
1524850944662 -1 -1
1524850944663 -1 -1
1524850944665 -1 -1
1524850944666 0 -1
1524850944667 -1 -1
1524850944668 0 -1
1524850944670 -1 -1
1524850944671 0 -1
1524850944672 0 -1
1524850944673 -1 -1
1524850944674 0 -1
1524850944675 0 -1
1524850944677 0 -1
1524850944678 0 -1
1524850944678 0 -1
1524850944679 0 -1
1524850944680 0 -1
1524850944681 0 -1
1524850944682 0 -1
1524850944683 1 -1
