1525145557100 0 0 1
1525145557105 0 1 0
1525145557151 0 1 0
1525145557156 0 1 0
1525145557159 0 1 0
1525145557163 0 1 0
1525145557166 0 1 0
1525145557169 0 1 0
1525145557172 0 1 0
1525145557174 0 1 0
1525145557177 0 1 0
1525145557179 0 1 0
1525145557181 0 1 0
1525145557184 0 1 0
1525145557186 0 1 0
1525145557188 0 1 0
1525145557189 0 1 0
1525145557191 0 1 0
1525145557194 0 1 0
1525145557197 0 1 0
1525145557197 0 1 0
1525145557199 0 1 0
1525145557200 0 1 0
1525145557202 0 1 0
1525145557204 0 1 0
1525145557205 0 1 0
1525145557205 0 1 0
1525145557209 0 1 0
1525145557209 0 1 0
1525145557210 0 1 0
1525145557212 0 1 0
1525145557212 0 1 0
1525145557214 0 1 0
1525145557214 0 1 0
1525145557216 0 1 0
1525145557217 0 1 0
1525145557220 0 1 0
1525145557220 0 1 0
1525145557221 0 1 0
1525145557221 0 1 0
1525145557223 0 1 0
1525145557225 0 1 0
1525145557226 0 1 0
1525145557226 0 1 0
1525145557228 0 1 0
1525145557229 0 1 0
1525145557231 0 1 0
1525145557231 0 1 0
1525145557233 0 1 0
1525145557235 0 1 0
1525145557236 0 1 0
1525145557236 0 1 0
1525145557238 0 1 0
1525145557238 0 1 0
1525145557240 0 1 0
1525145557242 0 1 0
1525145557243 0 1 0
1525145557243 0 1 0
1525145557245 0 1 0
1525145557245 0 1 0
1525145557248 0 1 0
1525145557248 0 1 0
1525145557250 0 1 0
1525145557252 0 1 0
1525145557254 0 1 0
1525145557254 0 1 0
1525145557255 0 1 0
1525145557255 0 1 0
1525145557257 0 1 0
1525145557257 0 1 0
1525145557259 0 1 0
1525145557260 0 1 0
1525145557262 0 1 0
1525145557262 0 1 0
1525145557264 0 1 0
1525145557264 0 1 0
1525145557266 0 1 0
1525145557266 0 1 0
1525145557270 0 1 0
1525145557270 0 1 0
1525145557271 0 1 0
1525145557271 0 1 0
1525145557273 0 1 0
1525145557275 0 1 0
1525145557275 0 1 0
1525145557276 0 1 0
1525145557276 0 1 0
1525145557278 0 1 0
1525145557278 0 1 0
1525145557280 0 1 0
1525145557280 0 1 0
1525145557282 0 1 0
1525145557283 0 1 0
1525145557283 0 1 0
1525145557285 0 1 0
1525145557285 0 1 0
1525145557287 0 1 0
1525145557288 0 1 0
1525145557288 0 1 0
1525145557290 0 1 0
1525145557290 0 1 0
1525145557292 0 1 0
1525145557293 0 1 0
1525145557295 0 1 0
1525145557295 0 1 0
1525145557297 0 1 0
1525145557298 0 1 0
1525145557298 0 1 0
1525145557300 0 1 0
1525145557302 0 1 0
1525145557302 0 1 0
1525145557303 0 1 0
1525145557303 0 1 0
1525145557305 0 2 0
1525145557308 0 1 0
1525145557308 0 1 0
1525145557310 0 1 0
1525145557312 0 2 0
1525145557314 -1 1 0
1525145557314 0 1 0
1525145557315 0 1 0
1525145557315 0 1 0
1525145557317 0 1 0
1525145557318 0 1 0
1525145557318 0 1 0
1525145557320 0 1 0
1525145557320 0 1 0
1525145557322 0 1 0
1525145557322 0 1 0
1525145557325 0 1 0
1525145557325 0 1 0
1525145557327 0 1 0
1525145557327 0 1 0
1525145557329 0 1 0
1525145557329 0 2 0
1525145557331 0 1 0
1525145557333 0 1 0
1525145557333 -1 1 0
1525145557334 0 1 0
1525145557334 0 1 0
1525145557336 0 1 0
1525145557336 0 1 0
1525145557338 0 1 0
1525145557340 0 1 0
1525145557340 0 1 0
1525145557341 0 1 0
1525145557342 0 1 0
1525145557343 0 1 0
1525145557345 0 1 0
1525145557345 0 1 0
1525145557347 -1 1 0
1525145557348 0 1 0
1525145557348 0 1 0
1525145557350 0 1 0
1525145557351 0 2 0
1525145557353 0 1 0
1525145557355 0 1 0
1525145557357 0 1 0
1525145557357 0 1 0
1525145557358 0 1 0
1525145557360 0 1 0
1525145557361 0 1 0
1525145557361 0 1 0
1525145557363 0 1 0
1525145557363 0 1 0
1525145557366 0 1 0
1525145557366 0 1 0
1525145557368 0 1 0
1525145557370 0 2 0
1525145557372 0 1 0
1525145557373 0 1 0
1525145557373 0 1 0
1525145557376 0 1 0
1525145557376 0 1 0
1525145557378 0 1 0
1525145557380 0 1 0
1525145557381 0 1 0
1525145557383 0 1 0
1525145557385 0 1 0
1525145557385 0 1 0
1525145557386 0 1 0
1525145557388 0 1 0
1525145557390 0 1 0
1525145557391 0 1 0
1525145557393 0 1 0
1525145557395 0 1 0
1525145557396 0 1 0
1525145557398 0 1 0
1525145557400 0 1 0
1525145557400 0 1 0
1525145557401 0 1 0
1525145557403 0 1 0
1525145557405 0 1 0
1525145557407 0 1 0
1525145557407 0 1 0
1525145557409 0 1 0
1525145557411 0 1 0
1525145557412 0 1 0
1525145557414 0 1 0
1525145557415 0 1 0
1525145557417 0 1 0
1525145557419 0 1 0
1525145557421 0 1 0
1525145557421 0 1 0
1525145557422 0 1 0
1525145557424 0 1 0
1525145557425 0 1 0
1525145557425 0 1 0
1525145557429 0 1 0
1525145557429 0 1 0
1525145557430 0 1 0
1525145557432 0 1 0
1525145557434 0 1 0
1525145557435 0 1 0
1525145557435 0 1 0
1525145557438 -1 1 0
1525145557438 0 1 0
1525145557440 0 1 0
1525145557441 0 1 0
1525145557441 0 1 0
1525145557443 0 1 0
1525145557445 0 1 0
1525145557447 0 1 0
1525145557447 0 1 0
1525145557448 0 1 0
1525145557448 0 1 0
1525145557450 -1 1 0
1525145557450 0 1 0
1525145557452 0 1 0
1525145557454 0 1 0
1525145557455 0 1 0
1525145557455 0 1 0
1525145557457 0 1 0
1525145557457 0 1 0
1525145557459 0 1 0
1525145557460 0 1 0
1525145557460 -1 1 0
1525145557462 0 2 0
1525145557464 0 1 0
1525145557465 0 1 0
1525145557465 0 1 0
1525145557467 0 1 0
1525145557467 0 2 0
1525145557471 0 2 0
1525145557472 0 2 0
1525145557472 0 1 0
1525145557474 0 1 0
1525145557475 0 1 0
1525145557475 0 1 0
1525145557477 0 1 0
1525145557479 0 1 0
1525145557479 -1 1 0
1525145557480 0 1 0
1525145557480 0 1 0
1525145557482 0 1 0
1525145557484 0 1 0
1525145557484 0 1 0
1525145557485 0 1 0
1525145557485 0 1 0
1525145557487 0 1 0
1525145557487 0 1 0
1525145557489 0 1 0
1525145557490 0 1 0
1525145557490 0 1 0
1525145557492 0 1 0
1525145557494 0 2 0
1525145557494 0 1 0
1525145557495 0 1 0
1525145557497 0 1 0
1525145557499 -1 1 0
1525145557499 0 1 0
1525145557501 0 1 0
1525145557501 0 1 0
1525145557503 0 1 0
1525145557503 0 1 0
1525145557505 0 1 0
1525145557506 0 1 0
1525145557506 0 1 0
1525145557508 0 1 0
1525145557509 0 1 0
1525145557509 0 1 0
1525145557512 0 1 0
1525145557513 -1 1 0
1525145557513 0 1 0
1525145557515 0 1 0
1525145557517 0 1 0
1525145557519 0 1 0
1525145557519 0 1 0
1525145557521 0 1 0
1525145557522 0 1 0
1525145557522 0 1 0
1525145557524 0 1 0
1525145557525 0 1 0
1525145557527 0 1 0
1525145557529 0 1 0
1525145557529 0 1 0
1525145557531 0 1 0
1525145557531 -1 0 0
1525145557531 0 1 0
1525145557533 0 1 0
1525145557534 0 1 0
1525145557536 0 1 0
1525145557538 0 1 0
1525145557538 0 1 0
1525145557539 0 1 0
1525145557541 0 1 0
1525145557541 0 1 0
1525145557543 0 1 0
1525145557545 0 1 0
1525145557545 0 1 0
1525145557546 0 1 0
1525145557548 0 1 0
1525145557550 0 1 0
1525145557550 0 1 0
1525145557551 0 1 0
1525145557553 0 1 0
1525145557555 0 1 0
1525145557555 0 1 0
1525145557556 0 1 0
1525145557558 0 1 0
1525145557560 0 1 0
1525145557560 0 1 0
1525145557562 0 1 0
1525145557564 0 1 0
1525145557564 0 1 0
1525145557565 0 1 0
1525145557565 0 1 0
1525145557567 0 1 0
1525145557568 0 1 0
1525145557570 0 1 0
1525145557570 0 1 0
1525145557572 0 1 0
1525145557574 0 1 0
1525145557574 0 1 0
1525145557575 0 1 0
1525145557577 0 1 0
1525145557579 0 1 0
1525145557579 0 1 0
1525145557580 0 1 0
1525145557582 0 2 0
1525145557584 0 1 0
1525145557585 0 1 0
1525145557587 0 1 0
1525145557589 0 1 0
1525145557589 0 1 0
1525145557590 0 1 0
1525145557592 0 1 0
1525145557594 0 1 0
1525145557594 0 1 0
1525145557595 0 1 0
1525145557595 0 1 0
1525145557598 0 1 0
1525145557598 0 1 0
1525145557600 0 1 0
1525145557602 0 1 0
1525145557602 0 1 0
1525145557603 0 1 0
1525145557605 0 1 0
1525145557607 0 1 0
1525145557608 0 1 0
1525145557610 0 1 0
1525145557612 0 1 0
1525145557614 0 1 0
1525145557615 0 1 0
1525145557617 0 1 0
1525145557618 0 1 0
1525145557620 0 1 0
1525145557620 0 1 0
1525145557622 0 1 0
1525145557625 0 1 0
1525145557627 0 1 0
1525145557627 0 1 0
1525145557631 0 1 0
1525145557632 0 1 0
1525145557632 0 1 0
1525145557634 0 1 0
1525145557636 0 1 0
1525145557638 0 1 0
1525145557639 0 1 0
1525145557641 0 1 0
1525145557643 0 1 0
1525145557644 0 1 0
1525145557646 0 1 0
1525145557647 0 1 0
1525145557649 0 1 0
1525145557649 1 0 0
1525145557651 0 1 0
1525145557653 0 1 0
1525145557653 0 1 0
1525145557656 0 1 0
1525145557656 0 1 0
1525145557659 0 1 0
1525145557659 1 1 0
1525145557663 0 1 0
1525145557664 0 1 0
1525145557664 0 1 0
1525145557666 0 1 0
1525145557668 1 0 0
1525145557669 0 1 0
1525145557669 0 1 0
1525145557671 0 1 0
1525145557673 0 1 0
1525145557674 0 1 0
1525145557676 0 1 0
1525145557678 1 1 0
1525145557680 0 1 0
1525145557681 0 1 0
1525145557681 0 1 0
1525145557683 0 1 0
1525145557685 0 1 0
1525145557686 1 1 0
1525145557686 0 1 0
1525145557688 0 1 0
1525145557690 0 1 0
1525145557692 0 1 0
1525145557693 1 1 0
1525145557695 0 2 0
1525145557697 0 1 0
1525145557697 0 1 0
1525145557698 1 1 0
1525145557700 0 1 0
1525145557701 0 1 0
1525145557703 0 1 0
1525145557703 0 1 0
1525145557705 0 1 0
1525145557706 0 1 0
1525145557708 0 1 0
1525145557710 1 1 0
1525145557710 0 1 0
1525145557711 0 1 0
1525145557713 0 1 0
1525145557713 0 1 0
1525145557715 0 1 0
1525145557716 1 1 0
1525145557718 0 1 0
1525145557718 0 1 0
1525145557720 0 1 0
1525145557720 0 1 0
1525145557723 0 1 0
1525145557723 0 1 0
1525145557725 1 1 0
1525145557726 0 1 0
1525145557728 0 1 0
1525145557728 0 1 0
1525145557730 0 1 0
1525145557732 0 1 0
1525145557732 0 1 0
1525145557735 1 1 0
1525145557735 0 1 0
1525145557737 0 1 0
1525145557739 0 2 0
1525145557741 0 1 0
1525145557741 1 0 0
1525145557742 0 1 0
1525145557742 0 1 0
1525145557744 0 1 0
1525145557746 0 1 0
1525145557747 0 1 0
1525145557747 0 1 0
1525145557749 0 1 0
1525145557751 0 1 0
1525145557753 1 0 0
1525145557753 0 1 0
1525145557754 0 1 0
1525145557754 0 1 0
1525145557756 0 1 0
1525145557757 0 1 0
1525145557759 0 1 0
1525145557761 1 0 0
1525145557761 0 1 0
1525145557763 0 1 0
1525145557764 0 1 0
1525145557764 0 1 0
1525145557766 1 0 0
1525145557766 0 1 0
1525145557768 0 1 0
1525145557770 0 1 0
1525145557771 1 1 0
1525145557773 0 1 0
1525145557775 0 2 0
1525145557776 0 1 0
1525145557778 1 1 0
1525145557780 0 1 0
1525145557782 0 1 0
1525145557782 0 1 0
1525145557783 1 1 0
1525145557785 0 1 0
1525145557786 0 1 0
1525145557788 0 1 0
1525145557790 0 1 0
1525145557791 1 1 0
1525145557791 0 1 0
1525145557795 0 1 0
1525145557795 1 1 0
1525145557796 0 1 0
1525145557799 0 1 0
1525145557799 0 1 0
1525145557801 0 1 0
1525145557803 0 1 0
1525145557805 1 1 0
1525145557805 0 1 0
1525145557806 0 2 0
1525145557808 1 1 0
1525145557810 0 1 0
1525145557811 0 1 0
1525145557813 0 1 0
1525145557813 0 1 0
1525145557815 0 1 0
1525145557815 1 1 0
1525145557818 0 1 0
1525145557818 0 1 0
1525145557820 0 1 0
1525145557822 0 1 0
1525145557822 1 1 0
1525145557824 0 1 0
1525145557826 0 1 0
1525145557826 0 1 0
1525145557827 0 1 0
1525145557827 1 0 0
1525145557829 0 1 0
1525145557829 0 1 0
1525145557831 0 1 0
1525145557832 0 1 0
1525145557834 1 1 0
1525145557834 0 1 0
1525145557836 0 1 0
1525145557838 0 1 0
1525145557839 1 1 0
1525145557839 0 1 0
1525145557841 0 1 0
1525145557841 0 1 0
1525145557845 0 1 0
1525145557845 1 1 0
1525145557845 0 1 0
1525145557848 0 1 0
1525145557848 0 1 0
1525145557852 1 1 0
1525145557852 0 1 0
1525145557853 0 1 0
1525145557853 0 1 0
1525145557857 0 1 0
1525145557858 1 1 0
1525145557858 0 1 0
1525145557860 0 1 0
1525145557862 0 1 0
1525145557863 0 1 0
1525145557863 1 0 0
1525145557865 0 1 0
1525145557867 0 1 0
1525145557868 0 1 0
1525145557868 0 1 0
1525145557870 1 0 0
1525145557870 0 1 0
1525145557872 0 1 0
1525145557874 0 1 0
1525145557875 1 1 0
1525145557877 0 1 0
1525145557879 0 1 0
1525145557881 0 1 0
1525145557881 1 0 0
1525145557883 0 1 0
1525145557885 0 1 0
1525145557886 1 1 0
1525145557888 0 1 0
1525145557890 0 1 0
1525145557892 0 1 0
1525145557893 0 1 0
1525145557895 1 1 0
1525145557897 0 1 0
1525145557899 0 1 0
1525145557900 1 0 0
1525145557900 0 1 0
1525145557902 0 1 0
1525145557904 0 1 0
1525145557905 0 1 0
1525145557909 0 1 0
1525145557910 1 1 0
1525145557910 0 1 0
1525145557913 0 1 0
1525145557913 1 0 0
1525145557915 0 1 0
1525145557917 0 1 0
1525145557918 0 1 0
1525145557920 0 1 0
1525145557922 0 1 0
1525145557923 1 1 0
1525145557925 0 1 0
1525145557927 0 1 0
1525145557929 1 1 0
1525145557930 0 1 0
1525145557934 0 1 0
1525145557934 0 1 0
1525145557935 1 1 0
1525145557937 0 1 0
1525145557939 0 1 0
1525145557941 0 1 0
1525145557942 1 1 0
1525145557944 0 1 0
1525145557946 0 1 0
1525145557947 0 1 0
1525145557949 1 1 0
1525145557949 0 1 0
1525145557953 0 1 0
1525145557954 1 1 0
1525145557956 0 1 0
1525145557958 0 1 0
1525145557959 0 1 0
1525145557959 1 1 0
1525145557963 0 1 0
1525145557963 0 1 0
1525145557964 1 1 0
1525145557967 0 1 0
1525145557967 0 1 0
1525145557970 0 1 0
1525145557971 1 0 0
1525145557971 0 1 0
1525145557975 0 1 0
1525145557976 1 1 0
1525145557978 0 1 0
1525145557980 0 1 0
1525145557981 0 1 0
1525145557984 1 1 0
1525145557984 0 1 0
1525145557988 0 1 0
1525145557989 0 1 0
1525145557991 0 1 0
1525145557991 1 0 0
1525145557994 0 1 0
1525145557996 0 1 0
1525145557998 1 1 0
1525145557999 0 1 0
1525145558003 0 1 0
1525145558006 1 1 0
1525145558007 0 1 0
1525145558013 0 1 0
1525145558014 1 1 0
1525145558018 0 1 0
1525145558019 0 1 0
1525145558021 0 1 0
1525145558023 1 0 0
1525145558026 0 1 0
1525145558030 0 1 0
1525145558030 1 0 0
1525145558032 0 1 0
1525145558035 0 1 0
1525145558038 1 1 0
1525145558043 0 1 0
1525145558045 0 1 0
1525145558049 1 0 0
1525145558050 0 1 0
1525145558052 0 1 0
1525145558058 1 1 0
1525145558062 0 1 0
1525145558066 0 1 0
1525145558071 0 1 0
1525145558071 1 0 0
1525145558072 0 1 0
1525145558075 0 1 0
1525145558079 0 1 0
1525145558079 1 0 0
1525145558082 0 1 0
1525145558084 0 1 0
1525145558088 0 1 0
1525145558089 1 1 0
1525145558093 0 1 0
1525145558096 0 1 0
1525145558099 0 1 0
1525145558099 1 0 0
1525145558101 0 1 0
1525145558105 0 1 0
1525145558106 0 1 0
1525145558109 0 1 0
1525145558113 1 1 0
1525145558114 0 1 0
1525145558118 0 1 0
1525145558121 0 1 0
1525145558123 1 1 0
1525145558126 0 1 0
1525145558130 0 1 0
1525145558131 0 1 0
1525145558134 0 1 0
1525145558136 1 0 0
1525145558138 0 1 0
1525145558142 0 1 0
1525145558143 0 1 0
1525145558148 0 1 0
1525145558150 1 0 0
1525145558151 0 1 0
1525145558155 0 1 0
1525145558158 0 1 0
1525145558163 0 1 0
1525145558166 0 1 0
1525145558167 1 0 0
1525145558171 0 1 0
1525145558174 0 1 0
1525145558179 1 1 0
1525145558182 0 1 0
1525145558185 0 1 0
1525145558190 0 1 0
1525145558194 0 1 0
1525145558199 0 1 0
1525145558200 1 1 0
1525145558205 0 1 0
1525145558208 0 1 0
1525145558211 1 0 0
1525145558213 0 1 0
1525145558218 0 1 0
1525145558222 0 1 0
1525145558229 0 1 0
1525145558234 0 1 0
1525145558242 0 1 0
1525145558247 0 1 0
1525145558257 0 1 0
1525145558262 0 1 0
1525145558266 1 0 0
1525145558267 0 1 0
1525145558272 0 1 0
1525145558277 1 1 0
1525145558284 0 1 0
1525145558287 0 1 0
1525145558292 0 1 0
1525145558293 1 0 0
1525145558297 0 1 0
1525145558300 0 1 0
1525145558303 0 1 0
1525145558306 0 1 0
1525145558309 0 1 0
1525145558313 0 1 0
1525145558316 0 1 0
1525145558319 0 1 0
1525145558321 0 1 0
1525145558322 -1 0 0
1525145558324 0 1 0
1525145558326 -1 1 0
1525145558328 0 1 0
1525145558329 -1 1 0
1525145558333 -1 0 0
1525145558333 0 1 0
1525145558334 -1 1 0
1525145558337 -1 1 0
1525145558339 0 1 0
1525145558339 -1 0 0
1525145558341 -1 1 0
1525145558343 -1 1 0
1525145558345 -1 1 0
1525145558347 -1 1 0
1525145558348 -1 1 0
1525145558350 -1 1 0
1525145558351 -1 0 0
1525145558351 0 1 0
1525145558353 -1 0 0
1525145558353 -1 1 0
1525145558356 -1 1 0
1525145558356 -1 0 0
1525145558358 0 1 0
1525145558358 -1 0 0
1525145558360 -1 1 0
1525145558362 -1 1 0
1525145558363 -1 0 0
1525145558365 0 1 0
1525145558366 -1 0 0
1525145558366 -1 1 0
1525145558368 -1 1 0
1525145558372 -1 1 0
1525145558373 -1 1 0
1525145558373 -1 0 0
1525145558375 0 1 0
1525145558375 -1 0 0
1525145558379 -1 1 0
1525145558379 0 1 0
1525145558380 -1 0 0
1525145558382 -1 1 0
1525145558384 -1 1 0
1525145558385 0 1 0
1525145558387 -1 0 0
1525145558389 -1 1 0
1525145558390 -1 1 0
1525145558392 -1 0 0
1525145558394 0 1 0
1525145558396 -1 0 0
1525145558396 0 1 0
1525145558397 -1 0 0
1525145558399 0 1 0
1525145558399 -1 0 0
1525145558403 0 1 0
1525145558403 -1 0 0
1525145558404 -1 1 0
1525145558407 -1 1 0
1525145558411 -1 0 0
1525145558412 0 1 0
1525145558414 -1 0 0
1525145558416 0 1 0
1525145558417 -1 0 0
1525145558419 0 1 0
1525145558423 -1 0 0
1525145558424 0 1 0
1525145558426 -1 0 0
1525145558429 0 1 0
1525145558431 -1 0 0
1525145558434 -1 1 0
1525145558438 0 1 0
1525145558440 -1 0 0
1525145558443 -1 1 0
1525145558447 -1 1 0
1525145558450 -1 1 0
1525145558455 -1 1 0
1525145558458 -1 1 0
1525145558463 -1 1 0
1525145558465 -1 1 0
1525145558468 -1 0 0
1525145558470 0 1 0
1525145558472 -1 0 0
1525145558473 0 1 0
1525145558476 -1 0 0
1525145558479 0 1 0
1525145558480 -1 0 0
1525145558480 0 1 0
1525145558483 -1 0 0
1525145558485 0 1 0
1525145558487 0 1 0
1525145558488 -1 0 0
1525145558490 -1 0 0
1525145558490 0 1 0
1525145558494 -1 1 0
1525145558497 -1 1 0
1525145558501 0 1 0
1525145558501 -1 0 0
1525145558502 0 1 0
1525145558504 -1 0 0
1525145558507 0 1 0
1525145558509 -1 0 0
1525145558509 0 1 0
1525145558512 -1 0 0
1525145558514 0 1 0
1525145558518 0 1 0
1525145558518 -1 0 0
1525145558521 0 1 0
1525145558523 -1 0 0
1525145558526 0 1 0
1525145558530 -1 0 0
1525145558531 0 1 0
1525145558536 -1 1 0
1525145558547 0 1 0
1525145558547 -1 0 0
1525145558552 0 1 0
1525145558556 -1 0 0
1525145558558 0 1 0
1525145558566 -1 1 0
1525145558574 0 1 0
1525145558581 -1 1 0
1525145558586 0 1 0
1525145558589 -1 0 0
1525145558592 0 1 0
1525145558595 0 1 0
1525145558599 0 1 0
1525145558600 -1 0 0
1525145558603 0 1 0
1525145558605 0 1 0
1525145558608 -1 0 0
1525145558610 0 1 0
1525145558611 0 1 0
1525145558616 0 1 0
1525145558618 0 1 0
1525145558621 0 1 0
1525145558623 -1 0 0
1525145558623 0 1 0
1525145558626 0 1 0
1525145558630 0 1 0
1525145558631 0 1 0
1525145558633 -1 0 0
1525145558634 0 1 0
1525145558638 0 1 0
1525145558638 -1 0 0
1525145558640 0 1 0
1525145558644 0 1 0
1525145558647 0 1 0
1525145558649 0 1 0
1525145558651 -1 0 0
1525145558652 0 1 0
1525145558656 0 1 0
1525145558657 0 1 0
1525145558659 -1 0 0
1525145558659 0 1 0
1525145558662 0 1 0
1525145558664 0 1 0
1525145558666 0 1 0
1525145558669 0 1 0
1525145558671 0 1 0
1525145558673 -1 1 0
1525145558676 0 1 0
1525145558677 0 1 0
1525145558681 0 1 0
1525145558683 -1 0 0
1525145558683 0 1 0
1525145558687 0 1 0
1525145558689 0 1 0
1525145558690 0 1 0
1525145558693 0 1 0
1525145558693 -1 0 0
1525145558697 0 1 0
1525145558698 0 1 0
1525145558702 0 1 0
1525145558703 0 1 0
1525145558705 -1 0 0
1525145558707 0 1 0
1525145558710 0 1 0
1525145558712 0 1 0
1525145558715 0 1 0
1525145558718 0 1 0
1525145558722 0 1 0
1525145558722 -1 0 0
1525145558725 0 1 0
1525145558728 0 1 0
1525145558731 0 1 0
1525145558735 0 1 0
1525145558738 -1 0 0
1525145558738 0 1 0
1525145558741 0 1 0
1525145558746 0 1 0
1525145558748 0 1 0
1525145558753 0 1 0
1525145558757 0 1 0
1525145558758 -1 0 0
1525145558762 0 1 0
1525145558766 0 1 0
1525145558771 0 1 0
1525145558776 0 1 0
1525145558781 0 1 0
1525145558788 0 1 0
1525145558792 0 1 0
1525145558802 0 1 0
1525145558806 0 1 0
1525145558818 0 1 0
1525145558823 0 1 0
1525145558830 0 1 0
1525145558834 0 1 0
1525145558838 0 1 0
1525145558840 -1 0 0
1525145558844 0 1 0
1525145558845 0 1 0
1525145558850 0 1 0
1525145558854 0 1 0
1525145558857 0 1 0
1525145558860 0 1 0
1525145558863 0 1 0
1525145558867 -1 1 0
1525145558870 0 1 0
1525145558873 0 1 0
1525145558875 0 1 0
1525145558879 0 1 0
1525145558882 0 1 0
1525145558885 0 1 0
1525145558889 0 1 0
1525145558894 0 1 0
1525145558895 0 1 0
1525145558899 0 1 0
1525145558902 0 1 0
1525145558907 0 1 0
1525145558910 0 1 0
1525145558914 0 1 0
1525145558917 0 1 0
1525145558922 0 1 0
1525145558923 -1 1 0
1525145558928 0 1 0
1525145558932 0 1 0
1525145558935 0 1 0
1525145558940 0 1 0
1525145558943 0 1 0
1525145558949 0 1 0
1525145558952 0 1 0
1525145558959 0 1 0
1525145558962 0 1 0
1525145558969 0 1 0
1525145558975 0 1 0
1525145558983 0 1 0
1525145558999 0 1 0
1525145559008 0 1 0
1525145559018 0 1 0
1525145559023 0 1 0
1525145559031 0 1 0
1525145559038 0 1 0
1525145559046 0 1 0
1525145559059 0 1 0
1525145559070 0 1 0
1525145559141 0 1 0
1525145559161 0 1 0
1525145559164 0 1 0
1525145559169 0 1 0
1525145559172 0 1 0
1525145559177 0 1 0
1525145559183 1 1 0
1525145559189 0 1 0
1525145559198 0 1 0
1525145559213 0 1 0
