1525146281047 0 0 1
1525146281099 0 1 0
1525146281110 0 1 0
1525146281116 0 1 0
1525146281124 0 1 0
1525146281129 0 1 0
1525146281133 0 1 0
1525146281136 -1 0 0
1525146281137 0 1 0
1525146281140 0 1 0
1525146281142 0 1 0
1525146281143 0 1 0
1525146281146 0 1 0
1525146281148 0 1 0
1525146281150 -1 0 0
1525146281150 0 1 0
1525146281151 0 1 0
1525146281154 0 1 0
1525146281154 0 1 0
1525146281158 0 1 0
1525146281158 -1 0 0
1525146281159 0 1 0
1525146281161 0 1 0
1525146281161 0 1 0
1525146281162 -1 0 0
1525146281164 0 1 0
1525146281165 0 1 0
1525146281167 0 1 0
1525146281167 0 1 0
1525146281170 0 1 0
1525146281170 0 1 0
1525146281171 -1 1 0
1525146281173 0 1 0
1525146281173 0 1 0
1525146281176 0 1 0
1525146281176 -1 1 0
1525146281178 0 1 0
1525146281178 0 1 0
1525146281179 0 1 0
1525146281179 0 1 0
1525146281181 -1 0 0
1525146281182 0 1 0
1525146281182 0 1 0
1525146281184 0 1 0
1525146281185 0 1 0
1525146281185 0 1 0
1525146281187 -1 1 0
1525146281188 0 1 0
1525146281188 0 1 0
1525146281190 0 1 0
1525146281192 0 1 0
1525146281192 -1 1 0
1525146281193 0 2 0
1525146281195 0 1 0
1525146281196 -1 1 0
1525146281196 0 1 0
1525146281199 0 2 0
1525146281201 -1 2 0
1525146281202 0 1 0
1525146281204 0 1 0
1525146281205 0 1 0
1525146281205 0 1 0
1525146281207 0 1 0
1525146281209 -1 1 0
1525146281209 0 1 0
1525146281210 0 1 0
1525146281210 0 1 0
1525146281212 0 1 0
1525146281213 0 1 0
1525146281213 0 1 0
1525146281215 -1 1 0
1525146281216 0 1 0
1525146281216 0 1 0
1525146281218 0 1 0
1525146281220 0 1 0
1525146281220 0 1 0
1525146281221 0 1 0
1525146281221 0 1 0
1525146281223 0 1 0
1525146281224 0 1 0
1525146281225 -1 1 0
1525146281226 0 1 0
1525146281228 0 1 0
1525146281229 0 1 0
1525146281231 0 1 0
1525146281231 0 1 0
1525146281232 0 1 0
1525146281233 0 1 0
1525146281233 0 1 0
1525146281235 0 1 0
1525146281236 0 1 0
1525146281236 0 1 0
1525146281238 0 1 0
1525146281240 0 1 0
1525146281241 0 2 0
1525146281243 0 1 0
1525146281244 -1 1 0
1525146281244 0 1 0
1525146281246 0 1 0
1525146281247 0 1 0
1525146281249 0 1 0
1525146281249 0 1 0
1525146281250 0 1 0
1525146281250 0 1 0
1525146281252 0 1 0
1525146281253 0 1 0
1525146281253 0 1 0
1525146281256 0 1 0
1525146281256 0 1 0
1525146281258 0 1 0
1525146281260 0 1 0
1525146281260 0 1 0
1525146281261 0 1 0
1525146281262 0 1 0
1525146281262 -1 1 0
1525146281264 0 1 0
1525146281266 0 1 0
1525146281267 0 1 0
1525146281269 0 1 0
1525146281269 0 1 0
1525146281270 0 1 0
1525146281270 0 1 0
1525146281272 0 1 0
1525146281273 0 1 0
1525146281275 0 1 0
1525146281276 0 1 0
1525146281276 0 1 0
1525146281278 0 1 0
1525146281279 0 1 0
1525146281281 0 1 0
1525146281281 -1 1 0
1525146281284 0 1 0
1525146281284 0 1 0
1525146281285 0 1 0
1525146281285 0 1 0
1525146281288 0 2 0
1525146281290 0 1 0
1525146281291 0 1 0
1525146281291 0 1 0
1525146281293 -1 1 0
1525146281294 0 1 0
1525146281296 0 1 0
1525146281296 0 1 0
1525146281297 0 1 0
1525146281299 0 1 0
1525146281300 0 1 0
1525146281300 0 1 0
1525146281302 0 1 0
1525146281303 0 1 0
1525146281303 0 1 0
1525146281305 0 2 0
1525146281306 0 1 0
1525146281308 0 1 0
1525146281309 0 1 0
1525146281309 0 1 0
1525146281311 0 2 0
1525146281313 0 2 0
1525146281316 0 2 0
1525146281317 0 2 0
1525146281317 0 1 0
1525146281319 0 2 0
1525146281320 0 1 0
1525146281320 0 1 0
1525146281323 0 2 0
1525146281325 0 2 0
1525146281326 0 1 0
1525146281328 0 1 0
1525146281328 0 1 0
1525146281329 0 1 0
1525146281330 0 1 0
1525146281330 0 1 0
1525146281332 0 1 0
1525146281333 0 1 0
1525146281333 0 1 0
1525146281335 0 1 0
1525146281336 0 2 0
1525146281338 0 2 0
1525146281339 0 2 0
1525146281342 0 2 0
1525146281342 0 1 0
1525146281344 0 1 0
1525146281345 0 1 0
1525146281345 0 1 0
1525146281347 0 1 0
1525146281348 0 1 0
1525146281348 0 1 0
1525146281350 0 1 0
1525146281350 0 1 0
1525146281352 0 1 0
1525146281353 0 2 0
1525146281355 0 2 0
1525146281356 0 1 0
1525146281357 0 1 0
1525146281357 0 1 0
1525146281359 0 1 0
1525146281361 0 1 0
1525146281361 0 2 0
1525146281362 0 2 0
1525146281364 0 1 0
1525146281366 0 1 0
1525146281366 0 1 0
1525146281367 0 1 0
1525146281367 0 1 0
1525146281369 0 1 0
1525146281370 0 2 0
1525146281370 0 1 0
1525146281372 0 1 0
1525146281373 0 1 0
1525146281373 0 1 0
1525146281375 0 2 0
1525146281376 0 2 0
1525146281378 0 1 0
1525146281380 0 1 0
1525146281380 0 1 0
1525146281381 0 1 0
1525146281381 0 1 0
1525146281383 0 2 0
1525146281384 0 2 0
1525146281387 0 2 0
1525146281387 0 2 0
1525146281390 0 2 0
1525146281390 0 1 0
1525146281392 0 1 0
1525146281394 0 1 0
1525146281394 0 1 0
1525146281395 0 1 0
1525146281397 0 2 0
1525146281397 0 1 0
1525146281398 0 1 0
1525146281400 0 1 0
1525146281400 0 2 0
1525146281403 0 2 0
1525146281403 0 1 0
1525146281404 0 1 0
1525146281406 0 1 0
1525146281406 0 1 0
1525146281407 0 2 0
1525146281407 0 1 0
1525146281409 1 1 0
1525146281410 0 1 0
1525146281410 0 2 0
1525146281412 0 1 0
1525146281413 0 1 0
1525146281413 0 2 0
1525146281415 0 1 0
1525146281416 0 2 0
1525146281416 1 1 0
1525146281418 0 1 0
1525146281420 0 1 0
1525146281420 0 1 0
1525146281421 0 2 0
1525146281423 0 1 0
1525146281423 1 1 0
1525146281424 0 1 0
1525146281426 0 1 0
1525146281426 0 1 0
1525146281427 0 2 0
1525146281429 0 2 0
1525146281430 1 1 0
1525146281432 0 1 0
1525146281432 0 1 0
1525146281433 0 2 0
1525146281433 1 0 0
1525146281435 0 2 0
1525146281436 0 2 0
1525146281440 0 2 0
1525146281441 1 2 0
1525146281441 0 1 0
1525146281444 0 2 0
1525146281445 0 1 0
1525146281447 0 1 0
1525146281448 1 1 0
1525146281448 0 1 0
1525146281450 0 1 0
1525146281451 0 1 0
1525146281451 0 1 0
1525146281453 1 0 0
1525146281454 0 1 0
1525146281456 0 1 0
1525146281456 0 1 0
1525146281458 0 1 0
1525146281459 1 1 0
1525146281460 0 1 0
1525146281460 0 1 0
1525146281462 0 1 0
1525146281463 1 1 0
1525146281466 0 1 0
1525146281468 0 1 0
1525146281468 0 1 0
1525146281469 0 1 0
1525146281470 0 1 0
1525146281473 1 1 0
1525146281473 0 1 0
1525146281476 0 1 0
1525146281476 0 1 0
1525146281477 1 0 0
1525146281478 0 1 0
1525146281478 0 1 0
1525146281481 0 1 0
1525146281481 1 1 0
1525146281484 0 1 0
1525146281484 0 1 0
1525146281487 1 1 0
1525146281487 0 1 0
1525146281490 0 1 0
1525146281492 0 1 0
1525146281493 1 1 0
1525146281496 1 2 0
1525146281498 0 1 0
1525146281499 0 1 0
1525146281501 1 1 0
1525146281503 0 1 0
1525146281504 0 1 0
1525146281505 1 0 0
1525146281506 0 1 0
1525146281507 0 1 0
1525146281509 0 1 0
1525146281509 1 0 0
1525146281510 0 1 0
1525146281511 0 1 0
1525146281511 1 1 0
1525146281513 0 1 0
1525146281514 0 1 0
1525146281516 1 1 0
1525146281517 0 1 0
1525146281519 0 1 0
1525146281521 1 1 0
1525146281522 0 1 0
1525146281524 0 1 0
1525146281524 0 1 0
1525146281525 1 0 0
1525146281527 0 1 0
1525146281527 0 1 0
1525146281528 0 1 0
1525146281530 1 0 0
1525146281530 0 1 0
1525146281531 0 1 0
1525146281533 0 1 0
1525146281534 0 1 0
1525146281536 1 0 0
1525146281536 0 1 0
1525146281537 0 1 0
1525146281537 0 1 0
1525146281540 1 1 0
1525146281542 0 1 0
1525146281543 0 1 0
1525146281545 0 1 0
1525146281545 1 1 0
1525146281547 0 1 0
1525146281547 0 1 0
1525146281550 1 1 0
1525146281551 0 1 0
1525146281553 0 1 0
1525146281554 0 1 0
1525146281554 0 1 0
1525146281556 1 1 0
1525146281557 0 1 0
1525146281559 0 1 0
1525146281560 0 1 0
1525146281560 1 0 0
1525146281562 0 1 0
1525146281563 0 1 0
1525146281565 0 1 0
1525146281565 0 1 0
1525146281567 1 1 0
1525146281568 0 1 0
1525146281570 0 1 0
1525146281570 0 1 0
1525146281571 0 1 0
1525146281571 1 0 0
1525146281573 0 1 0
1525146281574 0 1 0
1525146281574 0 1 0
1525146281576 0 1 0
1525146281577 0 1 0
1525146281579 1 1 0
1525146281579 0 1 0
1525146281581 0 1 0
1525146281581 0 1 0
1525146281583 0 1 0
1525146281583 1 1 0
1525146281585 0 1 0
1525146281586 0 1 0
1525146281586 0 1 0
1525146281588 0 1 0
1525146281590 0 1 0
1525146281590 0 1 0
1525146281591 0 1 0
1525146281591 1 1 0
1525146281593 0 1 0
1525146281595 0 1 0
1525146281595 0 1 0
1525146281596 0 1 0
1525146281598 0 1 0
1525146281598 1 1 0
1525146281599 0 1 0
1525146281599 0 1 0
1525146281601 0 1 0
1525146281602 0 1 0
1525146281604 0 2 0
1525146281605 1 2 0
1525146281606 0 1 0
1525146281606 0 2 0
1525146281608 0 1 0
1525146281610 0 1 0
1525146281610 0 1 0
1525146281611 0 1 0
1525146281611 1 1 0
1525146281613 0 1 0
1525146281615 0 2 0
1525146281615 0 1 0
1525146281616 1 1 0
1525146281617 0 1 0
1525146281617 0 1 0
1525146281619 0 1 0
1525146281621 0 1 0
1525146281621 0 1 0
1525146281622 1 2 0
1525146281623 0 2 0
1525146281625 0 1 0
1525146281627 0 1 0
1525146281627 1 1 0
1525146281628 0 1 0
1525146281628 0 1 0
1525146281630 0 1 0
1525146281631 0 1 0
1525146281631 0 2 0
1525146281633 1 0 0
1525146281634 0 2 0
1525146281636 0 2 0
1525146281639 0 1 0
1525146281639 0 1 0
1525146281640 0 1 0
1525146281642 1 1 0
1525146281642 0 1 0
1525146281643 0 1 0
1525146281643 1 1 0
1525146281645 0 1 0
1525146281646 0 1 0
1525146281646 0 1 0
1525146281648 0 1 0
1525146281650 1 1 0
1525146281650 0 1 0
1525146281651 0 1 0
1525146281653 1 2 0
1525146281654 0 1 0
1525146281656 0 1 0
1525146281656 0 1 0
1525146281657 1 0 0
1525146281657 0 1 0
1525146281659 0 1 0
1525146281660 0 1 0
1525146281660 1 1 0
1525146281662 0 1 0
1525146281665 0 1 0
1525146281665 0 1 0
1525146281666 1 1 0
1525146281668 0 1 0
1525146281669 1 1 0
1525146281670 0 1 0
1525146281672 0 1 0
1525146281673 0 1 0
1525146281675 0 1 0
1525146281676 1 1 0
1525146281678 0 1 0
1525146281678 0 1 0
1525146281679 1 0 0
1525146281681 0 1 0
1525146281681 0 1 0
1525146281682 0 1 0
1525146281684 1 0 0
1525146281685 0 1 0
1525146281685 0 1 0
1525146281689 1 1 0
1525146281690 0 1 0
1525146281692 0 1 0
1525146281693 0 1 0
1525146281695 1 0 0
1525146281695 0 1 0
1525146281696 0 1 0
1525146281697 1 0 0
1525146281697 0 1 0
1525146281701 0 1 0
1525146281701 1 1 0
1525146281704 0 1 0
1525146281705 1 1 0
1525146281706 0 1 0
1525146281708 0 1 0
1525146281711 0 1 0
1525146281711 1 0 0
1525146281713 0 1 0
1525146281715 1 1 0
1525146281716 0 1 0
1525146281718 0 1 0
1525146281720 0 1 0
1525146281721 1 0 0
1525146281723 0 1 0
1525146281724 0 1 0
1525146281724 1 0 0
1525146281726 0 1 0
1525146281727 0 1 0
1525146281730 0 1 0
1525146281730 1 0 0
1525146281732 0 1 0
1525146281733 1 1 0
1525146281736 0 1 0
1525146281738 0 1 0
1525146281739 1 1 0
1525146281741 0 1 0
1525146281744 1 1 0
1525146281745 0 1 0
1525146281747 0 1 0
1525146281748 1 1 0
1525146281750 0 1 0
1525146281751 0 1 0
1525146281753 1 0 0
1525146281753 0 1 0
1525146281754 0 1 0
1525146281754 1 0 0
1525146281756 0 1 0
1525146281758 0 1 0
1525146281759 0 1 0
1525146281761 1 1 0
1525146281762 0 1 0
1525146281762 0 1 0
1525146281764 1 0 0
1525146281765 0 1 0
1525146281765 0 1 0
1525146281767 1 0 0
1525146281768 0 1 0
1525146281768 0 1 0
1525146281770 0 1 0
1525146281771 1 0 0
1525146281771 0 1 0
1525146281773 0 1 0
1525146281774 1 0 0
1525146281774 0 1 0
1525146281776 0 1 0
1525146281777 1 1 0
1525146281779 0 1 0
1525146281780 0 1 0
1525146281782 1 0 0
1525146281782 0 1 0
1525146281783 0 1 0
1525146281783 0 1 0
1525146281785 1 0 0
1525146281787 0 1 0
1525146281787 0 1 0
1525146281788 1 0 0
1525146281789 0 1 0
1525146281789 1 1 0
1525146281793 0 1 0
1525146281793 0 1 0
1525146281794 1 0 0
1525146281796 0 1 0
1525146281796 0 1 0
1525146281797 1 0 0
1525146281799 0 1 0
1525146281801 0 1 0
1525146281801 1 1 0
1525146281804 0 1 0
1525146281804 1 1 0
1525146281807 0 1 0
1525146281807 0 1 0
1525146281808 1 0 0
1525146281810 0 1 0
1525146281811 1 1 0
1525146281813 0 1 0
1525146281814 1 1 0
1525146281816 0 1 0
1525146281818 0 1 0
1525146281819 1 0 0
1525146281819 0 1 0
1525146281821 0 1 0
1525146281822 1 0 0
1525146281822 0 1 0
1525146281825 0 1 0
1525146281827 0 1 0
1525146281827 1 0 0
1525146281830 0 1 0
1525146281830 0 1 0
1525146281833 0 1 0
1525146281833 1 0 0
1525146281834 0 1 0
1525146281834 0 1 0
1525146281837 1 1 0
1525146281839 0 1 0
1525146281840 0 1 0
1525146281844 0 1 0
1525146281844 1 0 0
1525146281845 0 1 0
1525146281847 0 1 0
1525146281848 0 1 0
1525146281848 1 0 0
1525146281850 0 1 0
1525146281851 0 1 0
1525146281853 0 1 0
1525146281854 0 1 0
1525146281856 0 1 0
1525146281857 1 0 0
1525146281858 0 1 0
1525146281858 0 1 0
1525146281861 0 1 0
1525146281861 1 1 0
1525146281863 0 1 0
1525146281865 0 1 0
1525146281866 0 1 0
1525146281868 1 1 0
1525146281869 0 1 0
1525146281871 0 1 0
1525146281872 1 1 0
1525146281875 0 1 0
1525146281875 0 1 0
1525146281877 0 1 0
1525146281878 1 1 0
1525146281880 0 1 0
1525146281882 0 1 0
1525146281883 0 1 0
1525146281885 1 0 0
1525146281885 0 1 0
1525146281886 0 1 0
1525146281888 0 1 0
1525146281889 1 1 0
1525146281891 0 1 0
1525146281893 0 1 0
1525146281895 1 1 0
1525146281896 0 1 0
1525146281898 0 1 0
1525146281899 0 1 0
1525146281901 1 0 0
1525146281902 0 1 0
1525146281904 0 1 0
1525146281905 0 1 0
1525146281910 0 1 0
1525146281911 1 0 0
1525146281913 0 1 0
1525146281914 0 1 0
1525146281918 0 1 0
1525146281923 0 1 0
1525146281931 0 1 0
1525146281937 0 1 0
1525146281943 -1 0 0
1525146281944 0 1 0
1525146281947 0 1 0
1525146281947 -1 0 0
1525146281950 -1 0 0
1525146281953 0 1 0
1525146281955 -1 0 0
1525146281956 -1 1 0
1525146281959 -1 0 0
1525146281961 -1 1 0
1525146281963 -1 0 0
1525146281963 -1 0 0
1525146281966 -1 1 0
1525146281966 -1 0 0
1525146281969 -1 0 0
1525146281969 -1 1 0
1525146281971 -1 0 0
1525146281973 -1 0 0
1525146281974 -1 1 0
1525146281974 -1 0 0
1525146281977 -1 1 0
1525146281977 -1 0 0
1525146281979 -1 0 0
1525146281980 -1 1 0
1525146281982 -1 0 0
1525146281983 0 1 0
1525146281983 -1 0 0
1525146281985 -1 0 0
1525146281987 -1 0 0
1525146281988 -1 1 0
1525146281990 -1 1 0
1525146281992 -1 0 0
1525146281995 -1 1 0
1525146281996 -1 0 0
1525146281998 0 1 0
1525146281998 -1 0 0
1525146282001 -1 1 0
1525146282002 -1 0 0
1525146282005 0 1 0
1525146282005 -1 0 0
1525146282008 -1 0 0
1525146282011 -1 1 0
1525146282016 -1 0 0
1525146282019 -1 0 0
1525146282022 0 1 0
1525146282024 -1 0 0
1525146282029 -1 0 0
1525146282036 -1 0 0
1525146282040 -1 0 0
1525146282043 0 1 0
1525146282044 -1 0 0
1525146282048 -1 0 0
1525146282052 -1 0 0
1525146282053 -1 0 0
1525146282055 -1 0 0
1525146282057 -1 0 0
1525146282057 -1 0 0
1525146282060 -1 0 0
1525146282060 -1 0 0
1525146282062 -1 0 0
1525146282064 -1 0 0
1525146282066 -1 0 0
1525146282066 -1 0 0
1525146282067 -1 0 0
1525146282067 -1 0 0
1525146282069 -1 0 0
1525146282070 -1 0 0
1525146282070 -1 0 0
1525146282072 -1 0 0
1525146282073 -2 0 0
1525146282073 -1 0 0
1525146282075 -1 0 0
1525146282076 -1 0 0
1525146282078 -2 0 0
1525146282078 -1 0 0
1525146282079 -2 0 0
1525146282079 -1 0 0
1525146282081 -2 0 0
1525146282083 -2 0 0
1525146282083 -1 0 0
1525146282084 -2 0 0
1525146282084 -2 0 0
1525146282086 -1 0 0
1525146282087 -2 0 0
1525146282087 -2 0 0
1525146282089 -2 0 0
1525146282090 -2 0 0
1525146282090 -1 0 0
1525146282092 -2 0 0
1525146282093 -3 0 0
1525146282093 -1 0 0
1525146282095 -3 0 0
1525146282096 -2 0 0
1525146282096 -2 0 0
1525146282098 -2 0 0
1525146282100 -1 0 0
1525146282100 -2 0 0
1525146282101 -3 0 0
1525146282101 -2 0 0
1525146282103 -2 0 0
1525146282104 -4 0 0
1525146282104 -3 0 0
1525146282106 -2 0 0
1525146282108 -2 0 0
1525146282108 -2 1 0
1525146282109 -3 0 0
1525146282109 -1 0 0
1525146282111 -2 0 0
1525146282112 -3 0 0
1525146282112 -2 1 0
1525146282114 -2 0 0
1525146282114 -2 0 0
1525146282116 -3 1 0
1525146282117 -2 0 0
1525146282117 -2 0 0
1525146282119 -3 0 0
1525146282120 -2 1 0
1525146282120 -3 0 0
1525146282122 -2 0 0
1525146282123 -3 1 0
1525146282123 -2 0 0
1525146282125 -4 1 0
1525146282126 -1 0 0
1525146282126 -2 0 0
1525146282128 -3 0 0
1525146282129 -5 1 0
1525146282129 -2 1 0
1525146282131 -2 0 0
1525146282133 -3 0 0
1525146282133 -2 1 0
1525146282134 -2 0 0
1525146282134 -3 0 0
1525146282136 -2 1 0
1525146282137 -2 0 0
1525146282137 -3 1 0
1525146282139 -2 0 0
1525146282140 -2 0 0
1525146282140 -3 0 0
1525146282142 -1 0 0
1525146282143 -3 1 0
1525146282143 -2 0 0
1525146282145 -2 1 0
1525146282146 -2 0 0
1525146282146 -3 0 0
1525146282148 -1 1 0
1525146282149 -3 0 0
1525146282149 -1 0 0
1525146282151 -3 0 0
1525146282152 -2 1 0
1525146282152 -2 0 0
1525146282154 -2 0 0
1525146282155 -2 0 0
1525146282155 -4 1 0
1525146282157 -2 0 0
1525146282158 -1 0 0
1525146282158 -2 0 0
1525146282160 -2 1 0
1525146282162 -2 0 0
1525146282162 -2 0 0
1525146282163 -2 0 0
1525146282165 -2 0 0
1525146282165 -1 0 0
1525146282166 -2 1 0
1525146282168 -2 0 0
1525146282168 -2 0 0
1525146282169 -1 0 0
1525146282170 -2 0 0
1525146282170 -1 0 0
1525146282172 -2 0 0
1525146282173 -1 0 0
1525146282173 -2 0 0
1525146282175 -1 0 0
1525146282177 -2 1 0
1525146282177 -1 0 0
1525146282178 -2 0 0
1525146282178 -1 0 0
1525146282180 -1 0 0
1525146282181 -1 0 0
1525146282181 -1 0 0
1525146282183 -2 0 0
1525146282184 -1 0 0
1525146282185 -1 0 0
1525146282186 -1 0 0
1525146282187 -1 0 0
1525146282187 -1 0 0
1525146282189 -1 0 0
1525146282190 -1 0 0
1525146282192 -1 0 0
1525146282194 -1 1 0
1525146282197 -1 0 0
1525146282200 -1 0 0
1525146282204 -1 0 0
1525146282260 1 0 0
1525146282266 1 0 0
1525146282268 1 0 0
1525146282268 0 -1 0
1525146282270 1 0 0
1525146282271 1 0 0
1525146282272 0 -1 0
1525146282274 1 0 0
1525146282277 1 0 0
1525146282280 1 -1 0
1525146282284 1 0 0
1525146282286 0 -1 0
1525146282289 1 0 0
1525146282296 1 0 0
1525146282296 0 -1 0
1525146282307 0 -1 0
1525146282362 1 0 0
1525146282365 1 0 0
1525146282368 1 0 0
1525146282371 1 0 0
1525146282371 1 0 0
1525146282373 1 0 0
1525146282374 1 0 0
1525146282376 1 0 0
1525146282377 1 0 0
1525146282377 1 1 0
1525146282379 1 0 0
1525146282380 1 0 0
1525146282380 2 0 0
1525146282383 2 0 0
1525146282385 1 0 0
1525146282385 1 0 0
1525146282386 2 0 0
1525146282386 2 0 0
1525146282388 1 0 0
1525146282389 2 0 0
1525146282389 1 0 0
1525146282391 1 0 0
1525146282393 2 0 0
1525146282393 2 0 0
1525146282394 1 0 0
1525146282396 2 0 0
1525146282396 1 0 0
1525146282397 2 0 0
1525146282397 2 0 0
1525146282399 2 0 0
1525146282400 1 0 0
1525146282400 2 0 0
1525146282402 2 0 0
1525146282403 1 0 0
1525146282403 3 -1 0
1525146282405 1 0 0
1525146282407 1 0 0
1525146282407 2 0 0
1525146282408 2 0 0
1525146282408 1 0 0
1525146282410 2 0 0
1525146282411 1 0 0
1525146282411 2 0 0
1525146282413 3 -1 0
1525146282414 1 0 0
1525146282414 1 0 0
1525146282416 2 0 0
1525146282417 1 0 0
1525146282417 1 0 0
1525146282419 1 0 0
1525146282420 2 0 0
1525146282420 1 0 0
1525146282422 1 0 0
1525146282423 1 0 0
1525146282425 1 0 0
1525146282427 1 0 0
1525146282427 1 0 0
1525146282428 1 0 0
1525146282430 1 0 0
1525146282433 1 0 0
1525146282433 1 0 0
1525146282436 1 0 0
1525146282438 1 0 0
1525146282439 0 -1 0
1525146282441 1 0 0
1525146282442 1 0 0
1525146282447 1 0 0
1525146282450 1 0 0
1525146282454 1 0 0
1525146282456 1 0 0
1525146282459 1 1 0
1525146282462 1 0 0
1525146282463 1 0 0
1525146282465 0 1 0
1525146282465 1 0 0
1525146282466 1 0 0
1525146282469 1 0 0
1525146282469 0 1 0
1525146282471 1 0 0
1525146282474 1 1 0
1525146282474 1 0 0
1525146282475 1 0 0
1525146282477 1 0 0
1525146282478 1 1 0
1525146282478 1 0 0
1525146282481 1 0 0
1525146282481 1 1 0
1525146282484 1 0 0
1525146282484 1 0 0
1525146282486 1 0 0
1525146282487 0 1 0
1525146282487 1 0 0
1525146282489 1 1 0
1525146282489 1 0 0
1525146282491 1 0 0
1525146282493 1 0 0
1525146282494 1 0 0
1525146282494 1 0 0
1525146282496 1 1 0
1525146282497 1 0 0
1525146282497 1 0 0
1525146282500 1 0 0
1525146282500 1 0 0
1525146282502 1 0 0
1525146282504 1 0 0
1525146282504 1 1 0
1525146282506 1 0 0
1525146282506 1 0 0
1525146282508 1 0 0
1525146282509 1 0 0
1525146282511 1 0 0
1525146282511 1 0 0
1525146282512 1 0 0
1525146282513 1 0 0
1525146282513 1 0 0
1525146282515 1 0 0
1525146282516 1 0 0
1525146282516 1 0 0
1525146282518 1 0 0
1525146282520 1 0 0
1525146282520 1 0 0
1525146282521 2 0 0
1525146282523 1 0 0
1525146282523 1 0 0
1525146282524 1 0 0
1525146282524 1 0 0
1525146282526 1 0 0
1525146282528 1 0 0
1525146282528 1 0 0
1525146282529 1 0 0
1525146282531 1 0 0
1525146282531 2 0 0
1525146282532 1 0 0
1525146282532 1 0 0
1525146282534 1 0 0
1525146282535 1 0 0
1525146282535 1 0 0
1525146282537 3 0 0
1525146282539 1 0 0
1525146282539 1 0 0
1525146282540 2 0 0
1525146282541 1 0 0
1525146282541 1 0 0
1525146282543 1 0 0
1525146282544 2 0 0
1525146282544 1 0 0
1525146282546 1 0 0
1525146282547 2 0 0
1525146282549 1 0 0
1525146282549 2 0 0
1525146282550 1 0 0
1525146282550 2 0 0
1525146282552 1 0 0
1525146282554 2 0 0
1525146282554 1 0 0
1525146282555 2 0 0
1525146282557 1 0 0
1525146282557 1 0 0
1525146282558 2 0 0
1525146282558 2 0 0
1525146282560 1 0 0
1525146282561 2 0 0
1525146282561 2 0 0
1525146282563 2 0 0
1525146282564 2 0 0
1525146282564 2 0 0
1525146282566 2 0 0
1525146282567 2 0 0
1525146282567 2 0 0
1525146282569 1 0 0
1525146282570 2 0 0
1525146282570 2 0 0
1525146282572 2 0 0
1525146282573 2 0 0
1525146282575 2 0 0
1525146282576 2 0 0
1525146282578 1 0 0
1525146282578 2 0 0
1525146282579 2 0 0
1525146282581 1 0 0
1525146282581 2 0 0
1525146282582 3 0 0
1525146282582 1 0 0
1525146282584 2 0 0
1525146282585 2 0 0
1525146282585 1 0 0
1525146282587 1 0 0
1525146282589 2 0 0
1525146282589 1 0 0
1525146282590 2 0 0
1525146282592 1 1 0
1525146282592 1 0 0
1525146282593 2 0 0
1525146282593 1 0 0
1525146282595 1 0 0
1525146282597 1 0 0
1525146282597 1 0 0
1525146282598 2 0 0
1525146282598 1 0 0
1525146282600 1 0 0
1525146282601 1 0 0
1525146282601 1 1 0
1525146282603 1 0 0
1525146282604 1 0 0
1525146282604 1 0 0
1525146282606 1 0 0
1525146282607 1 0 0
1525146282609 1 0 0
1525146282609 1 0 0
1525146282610 1 0 0
1525146282612 1 0 0
1525146282613 1 1 0
1525146282613 1 0 0
1525146282616 1 0 0
1525146282616 1 0 0
1525146282621 1 0 0
1525146282622 1 0 0
1525146282625 1 1 0
1525146282636 1 0 0
1525146282655 1 0 0
1525146282659 1 0 0
1525146282664 1 0 0
1525146282665 1 0 0
1525146282666 1 0 0
1525146282669 1 1 0
1525146282669 1 0 0
1525146282672 1 0 0
1525146282674 2 0 0
1525146282675 1 1 0
1525146282677 1 0 0
1525146282678 1 0 0
1525146282680 1 0 0
1525146282681 1 0 0
1525146282681 1 0 0
1525146282683 1 0 0
1525146282685 1 0 0
1525146282685 1 0 0
1525146282686 1 0 0
1525146282688 1 0 0
1525146282688 1 0 0
1525146282689 1 1 0
1525146282691 1 0 0
1525146282691 1 0 0
1525146282693 1 0 0
1525146282693 1 0 0
1525146282694 1 0 0
1525146282696 1 0 0
1525146282696 2 0 0
1525146282697 1 0 0
1525146282699 1 0 0
1525146282699 1 0 0
1525146282700 1 0 0
1525146282700 1 0 0
1525146282702 1 0 0
1525146282703 1 0 0
1525146282705 2 0 0
1525146282705 1 0 0
1525146282706 1 0 0
1525146282706 1 0 0
1525146282708 2 0 0
1525146282709 2 0 0
1525146282711 1 0 0
1525146282713 1 0 0
1525146282713 2 0 0
1525146282714 2 0 0
1525146282716 1 0 0
1525146282716 1 0 0
1525146282717 1 0 0
1525146282717 2 0 0
1525146282719 1 0 0
1525146282720 1 0 0
1525146282720 1 0 0
1525146282722 2 0 0
1525146282723 1 0 0
1525146282723 1 0 0
1525146282725 1 0 0
1525146282727 1 0 0
1525146282727 2 0 0
1525146282728 1 0 0
1525146282730 1 0 0
1525146282730 1 0 0
1525146282731 1 0 0
1525146282733 1 0 0
1525146282733 2 0 0
1525146282734 1 0 0
1525146282736 1 0 0
1525146282736 1 0 0
1525146282737 1 0 0
1525146282737 1 0 0
1525146282739 1 0 0
1525146282741 2 0 0
1525146282741 1 0 0
1525146282742 1 0 0
1525146282743 1 0 0
1525146282743 1 0 0
1525146282745 1 0 0
1525146282746 1 0 0
1525146282746 2 0 0
1525146282748 1 0 0
1525146282749 1 0 0
1525146282749 1 0 0
1525146282751 2 0 0
1525146282753 1 0 0
1525146282753 1 0 0
1525146282754 1 0 0
1525146282754 1 0 0
1525146282756 2 0 0
1525146282757 1 0 0
1525146282757 2 0 0
1525146282759 1 0 0
1525146282760 2 0 0
1525146282762 1 0 0
1525146282762 1 0 0
1525146282763 3 0 0
1525146282765 2 0 0
1525146282765 1 0 0
1525146282767 1 0 0
1525146282767 2 0 0
1525146282768 1 0 0
1525146282770 2 0 0
1525146282770 1 0 0
1525146282771 2 0 0
1525146282772 1 0 0
1525146282772 1 1 0
1525146282774 1 0 0
1525146282776 2 0 0
1525146282776 1 0 0
1525146282777 1 0 0
1525146282779 2 0 0
1525146282779 1 0 0
1525146282780 1 1 0
1525146282780 1 0 0
1525146282782 1 0 0
1525146282784 1 0 0
1525146282784 1 0 0
1525146282785 1 0 0
1525146282787 1 0 0
1525146282787 1 1 0
1525146282788 1 0 0
1525146282788 1 0 0
1525146282790 1 0 0
1525146282791 1 1 0
1525146282791 1 0 0
1525146282793 1 0 0
1525146282794 1 0 0
1525146282794 1 0 0
1525146282796 1 1 0
1525146282799 1 0 0
1525146282799 1 0 0
1525146282800 1 0 0
1525146282800 0 1 0
1525146282802 1 0 0
1525146282805 1 0 0
1525146282827 1 0 0
1525146282832 0 1 0
1525146282835 1 0 0
1525146282837 0 1 0
1525146282851 1 0 0
1525146282851 0 1 0
1525146282856 0 1 0
1525146282858 1 0 0
1525146282860 1 0 0
1525146282863 1 1 0
1525146282866 1 0 0
1525146282868 0 1 0
1525146282872 1 0 0
1525146282878 1 0 0
1525146282882 0 1 0
1525146282893 0 1 0
1525146282895 -1 0 0
1525146282897 -1 0 0
1525146282900 -1 1 0
1525146282902 -1 0 0
1525146282905 -1 0 0
1525146282905 -1 1 0
1525146282906 -1 0 0
1525146282908 -1 0 0
1525146282909 -1 1 0
1525146282909 -1 0 0
1525146282911 -1 0 0
1525146282912 -1 0 0
1525146282914 -1 0 0
1525146282914 -1 1 0
1525146282915 -1 0 0
1525146282917 -1 0 0
1525146282917 -1 1 0
1525146282918 -1 0 0
1525146282920 -1 0 0
1525146282920 -2 0 0
1525146282922 -1 1 0
1525146282922 -1 0 0
1525146282924 -2 0 0
1525146282926 -3 1 0
1525146282926 -1 0 0
1525146282927 -1 0 0
1525146282928 -2 0 0
1525146282928 -1 0 0
1525146282930 -2 1 0
1525146282931 -1 0 0
1525146282931 -2 0 0
1525146282933 -1 0 0
1525146282934 -2 1 0
1525146282934 -1 0 0
1525146282936 -2 0 0
1525146282937 -2 0 0
1525146282937 -1 1 0
1525146282939 -1 0 0
1525146282941 -2 0 0
1525146282941 -2 0 0
1525146282942 -1 1 0
1525146282944 -2 0 0
1525146282944 -1 0 0
1525146282945 -1 1 0
1525146282945 -2 0 0
1525146282947 -1 0 0
1525146282948 -1 0 0
1525146282950 -1 1 0
1525146282950 -1 0 0
1525146282951 -1 0 0
1525146282952 -1 0 0
1525146282952 -1 0 0
1525146282954 -1 1 0
1525146282955 -1 0 0
1525146282955 -1 0 0
1525146282958 -1 1 0
1525146282958 -1 0 0
1525146282961 -1 0 0
1525146282961 -1 0 0
1525146282962 0 1 0
1525146282964 -1 0 0
1525146282964 -1 0 0
1525146282967 -1 0 0
1525146282967 -1 0 0
1525146282968 0 1 0
1525146282970 -1 0 0
1525146282971 -1 0 0
1525146282972 0 1 0
1525146282974 -1 0 0
1525146282976 -1 0 0
1525146282980 -1 0 0
1525146282983 -1 0 0
1525146282986 0 1 0
1525146282988 -1 0 0
1525146282991 -1 0 0
1525146282996 -1 0 0
1525146283004 -1 0 0
1525146283008 -1 0 0
1525146283009 -1 0 0
1525146283012 -1 0 0
1525146283014 -1 0 0
1525146283015 -1 0 0
1525146283017 -1 0 0
1525146283018 -1 0 0
1525146283018 -1 0 0
1525146283021 -1 0 0
1525146283021 -1 0 0
1525146283023 -1 -1 0
1525146283024 -1 0 0
1525146283024 -1 0 0
1525146283026 -1 0 0
1525146283027 -1 0 0
1525146283027 -1 0 0
1525146283029 -1 0 0
1525146283030 -1 0 0
1525146283030 -1 0 0
1525146283032 -1 -1 0
1525146283033 -2 0 0
1525146283033 -1 0 0
1525146283035 -2 0 0
1525146283036 -2 0 0
1525146283036 -1 0 0
1525146283038 -1 0 0
1525146283039 -2 0 0
1525146283039 -1 -1 0
1525146283041 -2 0 0
1525146283042 -1 0 0
1525146283042 -2 0 0
1525146283044 -1 0 0
1525146283045 -2 0 0
1525146283045 -1 -1 0
1525146283047 -2 0 0
1525146283049 -1 0 0
1525146283049 -2 0 0
1525146283050 -1 0 0
1525146283050 -2 0 0
1525146283052 -1 0 0
1525146283053 -1 0 0
1525146283053 -1 0 0
1525146283055 -1 0 0
1525146283056 -2 0 0
1525146283056 -1 0 0
1525146283058 -1 0 0
1525146283059 -1 0 0
1525146283059 -1 0 0
1525146283061 -1 0 0
1525146283063 -1 0 0
1525146283063 -1 0 0
1525146283065 -1 0 0
1525146283067 -1 0 0
1525146283067 -1 1 0
1525146283068 -1 0 0
1525146283070 -1 0 0
1525146283072 -1 0 0
1525146283075 0 1 0
1525146283077 -1 0 0
1525146283080 -1 0 0
1525146283086 -1 0 0
1525146283162 1 0 0
1525146283170 1 0 0
1525146283175 0 -1 0
1525146283176 1 0 0
1525146283184 1 0 0
1525146283261 1 0 0
1525146283271 1 -1 0
1525146283276 1 0 0
1525146283286 1 0 0
1525146283291 0 -1 0
1525146283380 0 -1 0
1525146283381 1 0 0
1525146283466 0 -1 0
1525146283471 0 -1 0
1525146283481 0 -1 0
1525146283488 0 -1 0
1525146283498 0 -1 0
1525146283506 0 -1 0
1525146283512 0 -1 0
1525146283520 0 -1 0
1525146283526 0 -1 0
1525146283528 -1 0 0
1525146283538 0 -1 0
1525146283546 0 -1 0
1525146283553 0 -1 0
1525146283559 0 -1 0
1525146283563 0 -1 0
1525146283568 0 -1 0
