1525041079790 0 0 1
1525041079792 0 1 0
1525041079798 0 1 0
1525041079805 0 1 0
1525041079812 0 1 0
1525041079818 0 1 0
1525041079821 1 0 0
1525041079823 0 1 0
1525041079828 0 1 0
1525041079834 0 1 0
1525041079839 1 0 0
1525041079841 0 1 0
1525041079849 0 1 0
1525041079854 0 1 0
1525041079863 0 1 0
1525041079870 0 1 0
1525041079876 0 1 0
1525041079879 1 0 0
1525041079880 0 1 0
1525041079885 0 1 0
1525041079890 0 1 0
1525041079895 0 1 0
1525041079895 1 0 0
1525041079900 0 1 0
1525041079904 0 1 0
1525041079908 0 1 0
1525041079910 0 1 0
1525041079914 0 1 0
1525041079917 0 1 0
1525041079919 1 0 0
1525041079920 0 1 0
1525041079922 0 1 0
1525041079925 0 1 0
1525041079927 0 1 0
1525041079930 0 1 0
1525041079932 0 1 0
1525041079932 1 0 0
1525041079934 0 1 0
1525041079937 0 1 0
1525041079939 0 1 0
1525041079941 0 1 0
1525041079941 0 1 0
1525041079944 0 1 0
1525041079946 0 1 0
1525041079946 0 1 0
1525041079949 0 1 0
1525041079951 1 1 0
1525041079954 0 1 0
1525041079954 0 1 0
1525041079956 0 1 0
1525041079958 0 1 0
1525041079958 1 1 0
1525041079960 0 1 0
1525041079962 0 1 0
1525041079962 0 1 0
1525041079965 0 1 0
1525041079965 0 1 0
1525041079967 0 1 0
1525041079970 1 1 0
1525041079971 0 1 0
1525041079973 0 1 0
1525041079973 0 1 0
1525041079975 0 1 0
1525041079975 0 1 0
1525041079978 0 1 0
1525041079978 1 1 0
1525041079980 0 1 0
1525041079982 0 1 0
1525041079983 0 1 0
1525041079983 0 1 0
1525041079985 0 1 0
1525041079987 1 1 0
1525041079987 0 1 0
1525041079989 0 1 0
1525041079990 0 1 0
1525041079990 0 1 0
1525041079992 0 1 0
1525041079994 0 2 0
1525041079995 1 1 0
1525041079997 0 1 0
1525041079997 0 1 0
1525041080003 0 1 0
1525041080003 0 1 0
1525041080003 0 1 0
1525041080003 0 1 0
1525041080003 1 1 0
1525041080005 0 1 0
1525041080005 0 1 0
1525041080007 0 1 0
1525041080007 0 1 0
1525041080009 0 2 0
1525041080010 0 1 0
1525041080012 0 1 0
1525041080012 1 1 0
1525041080014 0 1 0
1525041080014 0 1 0
1525041080015 0 1 0
1525041080018 0 1 0
1525041080018 0 1 0
1525041080019 1 1 0
1525041080019 0 1 0
1525041080021 0 1 0
1525041080021 0 1 0
1525041080023 0 1 0
1525041080023 0 1 0
1525041080025 0 1 0
1525041080025 0 1 0
1525041080026 1 1 0
1525041080028 0 1 0
1525041080028 0 1 0
1525041080030 0 1 0
1525041080030 0 1 0
1525041080031 0 1 0
1525041080033 0 2 0
1525041080033 1 0 0
1525041080035 0 2 0
1525041080035 0 1 0
1525041080036 0 1 0
1525041080038 0 1 0
1525041080038 0 1 0
1525041080040 1 1 0
1525041080040 0 1 0
1525041080042 0 1 0
1525041080043 0 2 0
1525041080043 0 1 0
1525041080045 0 1 0
1525041080045 0 1 0
1525041080047 1 1 0
1525041080047 0 1 0
1525041080049 0 2 0
1525041080049 0 1 0
1525041080050 0 1 0
1525041080052 0 1 0
1525041080052 1 1 0
1525041080054 0 2 0
1525041080055 0 1 0
1525041080055 0 2 0
1525041080057 0 1 0
1525041080057 1 1 0
1525041080059 0 1 0
1525041080059 0 1 0
1525041080061 0 1 0
1525041080062 0 2 0
1525041080062 0 1 0
1525041080064 1 1 0
1525041080064 0 1 0
1525041080066 0 2 0
1525041080066 0 1 0
1525041080068 1 1 0
1525041080069 0 2 0
1525041080069 0 1 0
1525041080071 0 1 0
1525041080071 0 1 0
1525041080073 1 2 0
1525041080075 0 1 0
1525041080075 0 1 0
1525041080077 0 1 0
1525041080077 1 2 0
1525041080078 0 1 0
1525041080078 0 1 0
1525041080080 1 2 0
1525041080080 0 1 0
1525041080082 0 1 0
1525041080083 0 2 0
1525041080083 0 1 0
1525041080085 1 2 0
1525041080085 0 1 0
1525041080087 0 1 0
1525041080087 0 1 0
1525041080089 1 2 0
1525041080090 0 1 0
1525041080090 0 1 0
1525041080092 0 2 0
1525041080092 1 1 0
1525041080097 0 2 0
1525041080097 0 1 0
1525041080097 0 1 0
1525041080097 0 1 0
1525041080097 0 2 0
1525041080099 1 1 0
1525041080099 0 1 0
1525041080101 0 1 0
1525041080101 0 2 0
1525041080102 1 1 0
1525041080104 0 1 0
1525041080104 0 1 0
1525041080106 0 2 0
1525041080106 0 1 0
1525041080108 0 1 0
1525041080109 0 1 0
1525041080109 1 2 0
1525041080111 0 1 0
1525041080111 0 1 0
1525041080113 0 1 0
1525041080113 0 1 0
1525041080115 1 2 0
1525041080116 0 1 0
1525041080116 0 1 0
1525041080118 0 1 0
1525041080118 0 1 0
1525041080120 0 1 0
1525041080120 0 1 0
1525041080121 1 1 0
1525041080123 0 2 0
1525041080123 0 1 0
1525041080125 1 2 0
1525041080125 0 1 0
1525041080127 0 1 0
1525041080128 0 1 0
1525041080128 0 1 0
1525041080130 0 2 0
1525041080132 1 2 0
1525041080132 0 1 0
1525041080133 0 1 0
1525041080135 0 1 0
1525041080135 0 1 0
1525041080137 1 1 0
1525041080137 0 1 0
1525041080139 0 1 0
1525041080139 0 2 0
1525041080142 0 2 0
1525041080142 1 0 0
1525041080144 0 2 0
1525041080146 1 2 0
1525041080146 0 1 0
1525041080148 0 1 0
1525041080149 0 2 0
1525041080151 1 2 0
1525041080153 0 1 0
1525041080153 0 1 0
1525041080154 0 1 0
1525041080156 1 1 0
1525041080156 0 1 0
1525041080159 0 2 0
1525041080161 1 1 0
1525041080161 0 1 0
1525041080162 0 1 0
1525041080164 0 1 0
1525041080164 0 1 0
1525041080166 1 1 0
1525041080166 0 1 0
1525041080168 0 1 0
1525041080169 0 1 0
1525041080169 1 1 0
1525041080171 0 1 0
1525041080171 0 1 0
1525041080173 0 1 0
1525041080175 0 1 0
1525041080177 1 1 0
1525041080177 0 1 0
1525041080178 0 1 0
1525041080178 0 1 0
1525041080180 0 1 0
1525041080180 1 1 0
1525041080182 0 1 0
1525041080183 0 1 0
1525041080183 0 1 0
1525041080185 0 1 0
1525041080185 1 1 0
1525041080187 0 1 0
1525041080188 0 1 0
1525041080191 0 1 0
1525041080191 1 1 0
1525041080191 0 1 0
1525041080193 0 1 0
1525041080193 0 1 0
1525041080195 1 1 0
1525041080196 0 1 0
1525041080198 0 1 0
1525041080198 0 1 0
1525041080200 0 1 0
1525041080200 1 1 0
1525041080202 0 1 0
1525041080204 0 1 0
1525041080204 0 1 0
1525041080206 0 1 0
1525041080206 1 1 0
1525041080208 0 1 0
1525041080208 0 1 0
1525041080209 0 1 0
1525041080211 0 1 0
1525041080211 0 1 0
1525041080213 1 1 0
1525041080214 0 1 0
1525041080216 0 2 0
1525041080216 0 1 0
1525041080218 1 1 0
1525041080218 0 1 0
1525041080220 0 1 0
1525041080220 0 1 0
1525041080223 0 2 0
1525041080223 1 0 0
1525041080225 0 1 0
1525041080225 0 1 0
1525041080227 0 1 0
1525041080227 0 1 0
1525041080228 0 1 0
1525041080230 1 1 0
1525041080230 0 1 0
1525041080232 0 1 0
1525041080232 0 1 0
1525041080235 0 1 0
1525041080235 1 1 0
1525041080238 0 1 0
1525041080238 0 1 0
1525041080239 0 1 0
1525041080239 0 1 0
1525041080241 0 1 0
1525041080241 1 1 0
1525041080243 0 1 0
1525041080243 0 1 0
1525041080246 0 2 0
1525041080248 1 1 0
1525041080248 0 1 0
1525041080250 0 1 0
1525041080251 0 2 0
1525041080251 0 1 0
1525041080253 0 1 0
1525041080253 0 1 0
1525041080255 0 1 0
1525041080256 1 0 0
1525041080256 0 2 0
1525041080258 0 2 0
1525041080260 1 0 0
1525041080261 0 1 0
1525041080261 0 1 0
1525041080263 0 1 0
1525041080263 0 1 0
1525041080264 0 1 0
1525041080267 0 1 0
1525041080267 1 1 0
1525041080272 0 1 0
1525041080272 0 1 0
1525041080272 0 1 0
1525041080272 1 1 0
1525041080272 0 1 0
1525041080272 0 1 0
1525041080274 0 1 0
1525041080274 0 1 0
1525041080276 1 1 0
1525041080276 0 1 0
1525041080277 0 1 0
1525041080279 0 1 0
1525041080279 0 1 0
1525041080281 0 1 0
1525041080281 1 1 0
1525041080283 0 2 0
1525041080286 0 2 0
1525041080286 1 0 0
1525041080288 0 1 0
1525041080288 0 1 0
1525041080290 0 1 0
1525041080290 1 1 0
1525041080291 0 1 0
1525041080293 0 1 0
1525041080293 0 1 0
1525041080295 0 1 0
1525041080297 0 1 0
1525041080297 1 1 0
1525041080298 0 2 0
1525041080300 0 2 0
1525041080300 1 0 0
1525041080302 0 2 0
1525041080302 1 2 0
1525041080304 0 1 0
1525041080304 0 1 0
1525041080305 0 2 0
1525041080307 1 1 0
1525041080307 0 1 0
1525041080309 0 1 0
1525041080309 1 2 0
1525041080310 0 1 0
1525041080313 0 1 0
1525041080313 0 1 0
1525041080313 1 1 0
1525041080315 0 1 0
1525041080315 0 2 0
1525041080317 1 1 0
1525041080318 0 1 0
1525041080318 0 2 0
1525041080320 1 1 0
1525041080320 0 1 0
1525041080321 1 1 0
1525041080323 0 2 0
1525041080323 0 1 0
1525041080325 1 1 0
1525041080325 0 2 0
1525041080327 1 1 0
1525041080328 0 1 0
1525041080328 0 2 0
1525041080330 1 1 0
1525041080330 0 1 0
1525041080332 1 2 0
1525041080332 0 1 0
1525041080333 1 1 0
1525041080335 0 2 0
1525041080335 1 1 0
1525041080337 0 1 0
1525041080337 0 2 0
1525041080338 1 1 0
1525041080340 0 1 0
1525041080340 1 1 0
1525041080342 0 2 0
1525041080342 1 1 0
1525041080344 0 1 0
1525041080344 1 2 0
1525041080346 0 1 0
1525041080346 1 2 0
1525041080347 0 1 0
1525041080349 1 1 0
1525041080349 1 2 0
1525041080351 0 1 0
1525041080352 0 1 0
1525041080352 1 2 0
1525041080354 0 1 0
1525041080354 1 1 0
1525041080356 0 2 0
1525041080356 1 1 0
1525041080358 1 1 0
1525041080360 0 2 0
1525041080360 1 2 0
1525041080365 0 1 0
1525041080365 1 1 0
1525041080365 1 1 0
1525041080365 0 2 0
1525041080365 1 1 0
1525041080365 0 1 0
1525041080367 1 1 0
1525041080367 0 2 0
1525041080369 1 1 0
1525041080369 0 1 0
1525041080370 1 1 0
1525041080372 0 1 0
1525041080372 1 1 0
1525041080374 0 1 0
1525041080374 0 1 0
1525041080376 1 2 0
1525041080378 1 1 0
1525041080378 0 1 0
1525041080378 0 1 0
1525041080380 1 1 0
1525041080380 1 1 0
1525041080382 0 2 0
1525041080383 1 1 0
1525041080383 0 2 0
1525041080385 1 2 0
1525041080387 1 1 0
1525041080387 0 1 0
1525041080388 1 1 0
1525041080390 0 1 0
1525041080390 1 1 0
1525041080392 0 1 0
1525041080392 1 2 0
1525041080394 0 1 0
1525041080394 1 1 0
1525041080395 0 1 0
1525041080397 1 1 0
1525041080397 0 1 0
1525041080399 1 2 0
1525041080399 1 1 0
1525041080401 0 1 0
1525041080402 1 1 0
1525041080402 0 1 0
1525041080404 1 2 0
1525041080404 0 1 0
1525041080405 1 1 0
1525041080409 1 1 0
1525041080409 1 1 0
1525041080409 0 1 0
1525041080410 0 2 0
1525041080410 1 0 0
1525041080412 1 1 0
1525041080412 0 2 0
1525041080414 1 1 0
1525041080418 0 1 0
1525041080418 1 1 0
1525041080418 1 2 0
1525041080418 1 2 0
1525041080418 0 1 0
1525041080420 1 1 0
1525041080420 0 1 0
1525041080421 1 1 0
1525041080423 0 1 0
1525041080423 1 1 0
1525041080425 0 1 0
1525041080425 1 2 0
1525041080427 0 1 0
1525041080427 1 1 0
1525041080428 0 1 0
1525041080430 1 1 0
1525041080430 1 1 0
1525041080432 0 2 0
1525041080432 1 1 0
1525041080434 0 1 0
1525041080435 1 1 0
1525041080435 0 2 0
1525041080437 1 1 0
1525041080437 1 1 0
1525041080439 0 1 0
1525041080439 0 2 0
1525041080441 1 0 0
1525041080441 1 2 0
1525041080443 0 1 0
1525041080444 1 1 0
1525041080444 0 1 0
1525041080446 1 2 0
1525041080446 0 1 0
1525041080448 1 1 0
1525041080449 1 2 0
1525041080451 1 1 0
1525041080451 0 1 0
1525041080453 1 1 0
1525041080453 0 1 0
1525041080458 1 2 0
1525041080458 1 2 0
1525041080458 0 1 0
1525041080458 1 1 0
1525041080460 1 2 0
1525041080460 0 1 0
1525041080462 1 1 0
1525041080462 0 1 0
1525041080464 1 2 0
1525041080466 0 1 0
1525041080466 1 1 0
1525041080466 1 1 0
1525041080468 0 1 0
1525041080469 0 1 0
1525041080469 1 1 0
1525041080471 0 1 0
1525041080471 1 2 0
1525041080474 1 2 0
1525041080476 0 1 0
1525041080476 1 1 0
1525041080478 0 1 0
1525041080478 1 1 0
1525041080479 0 1 0
1525041080481 0 2 0
1525041080481 1 0 0
1525041080483 0 2 0
1525041080483 1 0 0
1525041080486 0 2 0
1525041080486 1 0 0
1525041080486 0 2 0
1525041080488 1 1 0
1525041080488 0 1 0
1525041080490 1 1 0
1525041080492 0 2 0
1525041080492 1 1 0
1525041080494 0 1 0
1525041080495 1 1 0
1525041080495 0 1 0
1525041080497 1 1 0
1525041080497 0 1 0
1525041080499 1 1 0
1525041080499 0 1 0
1525041080500 1 1 0
1525041080502 0 1 0
1525041080502 1 1 0
1525041080504 0 1 0
1525041080504 1 2 0
1525041080505 0 1 0
1525041080507 0 1 0
1525041080507 1 1 0
1525041080509 0 1 0
1525041080509 1 1 0
1525041080510 0 1 0
1525041080512 0 1 0
1525041080512 1 1 0
1525041080514 0 1 0
1525041080514 1 1 0
1525041080516 0 1 0
1525041080516 0 1 0
1525041080517 1 1 0
1525041080519 0 2 0
1525041080519 1 1 0
1525041080521 0 1 0
1525041080521 1 2 0
1525041080524 0 2 0
1525041080524 1 1 0
1525041080526 0 1 0
1525041080526 1 1 0
1525041080528 0 1 0
1525041080529 0 1 0
1525041080529 1 1 0
1525041080531 0 1 0
1525041080531 1 1 0
1525041080533 0 1 0
1525041080533 1 1 0
1525041080534 0 2 0
1525041080536 0 1 0
1525041080536 1 1 0
1525041080538 0 1 0
1525041080538 0 1 0
1525041080540 1 1 0
1525041080541 0 1 0
1525041080541 1 1 0
1525041080543 0 1 0
1525041080543 1 1 0
1525041080545 0 2 0
1525041080547 1 2 0
1525041080547 0 1 0
1525041080551 1 0 0
1525041080551 0 2 0
1525041080551 0 1 0
1525041080551 1 1 0
1525041080553 0 1 0
1525041080553 0 1 0
1525041080555 1 1 0
1525041080555 0 1 0
1525041080557 1 2 0
1525041080559 0 2 0
1525041080559 1 0 0
1525041080560 0 2 0
1525041080562 1 0 0
1525041080562 0 1 0
1525041080564 0 1 0
1525041080566 1 1 0
1525041080566 0 1 0
1525041080566 0 1 0
1525041080567 1 1 0
1525041080569 0 1 0
1525041080569 0 1 0
1525041080571 1 1 0
1525041080572 0 1 0
1525041080572 1 1 0
1525041080574 0 1 0
1525041080574 0 1 0
1525041080576 1 0 0
1525041080576 0 1 0
1525041080578 1 1 0
1525041080578 0 1 0
1525041080580 0 2 0
1525041080581 1 0 0
1525041080581 0 1 0
1525041080583 0 1 0
1525041080583 1 1 0
1525041080585 0 1 0
1525041080586 1 1 0
1525041080588 0 1 0
1525041080588 1 1 0
1525041080589 0 1 0
1525041080592 1 0 0
1525041080592 0 2 0
1525041080593 1 0 0
1525041080593 0 1 0
1525041080595 0 1 0
1525041080595 1 1 0
1525041080598 1 2 0
1525041080598 1 0 0
1525041080600 0 1 0
1525041080600 1 1 0
1525041080604 0 1 0
1525041080604 1 1 0
1525041080604 0 1 0
1525041080607 1 0 0
1525041080607 0 1 0
1525041080607 1 1 0
1525041080609 1 1 0
1525041080611 1 1 0
1525041080613 1 1 0
1525041080614 0 1 0
1525041080614 1 0 0
1525041080616 0 1 0
1525041080616 1 1 0
1525041080619 1 1 0
1525041080620 1 1 0
1525041080621 0 1 0
1525041080623 1 0 0
1525041080623 0 1 0
1525041080625 1 1 0
1525041080627 1 1 0
1525041080629 1 1 0
1525041080630 0 1 0
1525041080632 1 0 0
1525041080632 0 1 0
1525041080634 1 1 0
1525041080636 1 1 0
1525041080640 0 1 0
1525041080643 1 1 0
1525041080646 0 1 0
1525041080646 1 0 0
1525041080649 0 1 0
1525041080653 1 1 0
1525041080658 0 1 0
1525041080658 1 0 0
1525041080660 0 1 0
1525041080665 0 1 0
1525041080669 0 1 0
1525041080674 0 1 0
1525041080678 0 1 0
1525041080681 0 1 0
1525041080686 0 1 0
1525041080689 0 1 0
1525041080691 0 1 0
1525041080694 0 1 0
1525041080699 0 1 0
1525041080701 0 1 0
1525041080702 -1 0 0
1525041080704 0 1 0
1525041080707 0 1 0
1525041080709 -1 1 0
1525041080712 0 1 0
1525041080716 -1 0 0
1525041080716 0 1 0
1525041080719 0 1 0
1525041080723 -1 1 0
1525041080726 0 1 0
1525041080728 -1 0 0
1525041080730 0 1 0
1525041080733 -1 0 0
1525041080736 0 1 0
1525041080739 -1 0 0
1525041080739 0 1 0
1525041080742 -1 0 0
1525041080744 0 1 0
1525041080747 -1 0 0
1525041080749 0 1 0
1525041080750 -1 0 0
1525041080755 -1 0 0
1525041080757 0 1 0
1525041080757 -1 0 0
1525041080762 -1 0 0
1525041080762 0 1 0
1525041080764 -1 0 0
1525041080767 -1 0 0
1525041080769 -1 0 0
1525041080772 -1 0 0
1525041080772 0 1 0
1525041080774 -1 0 0
1525041080775 -1 0 0
1525041080777 -1 0 0
1525041080779 -1 0 0
1525041080782 -1 0 0
1525041080782 -1 0 0
1525041080784 0 1 0
1525041080786 -1 0 0
1525041080786 -1 0 0
1525041080789 -1 0 0
1525041080791 -1 0 0
1525041080794 -1 0 0
1525041080796 -1 0 0
1525041080799 -1 0 0
1525041080801 -1 0 0
1525041080801 0 1 0
1525041080804 -1 0 0
1525041080806 -1 0 0
1525041080807 -1 0 0
1525041080809 -1 0 0
1525041080812 -1 0 0
1525041080812 0 1 0
1525041080817 -1 0 0
1525041080817 -1 0 0
1525041080817 -1 0 0
1525041080819 -1 0 0
1525041080823 -1 0 0
1525041080823 -1 1 0
1525041080825 -1 0 0
1525041080827 -1 0 0
1525041080828 -1 0 0
1525041080830 -1 0 0
1525041080832 -1 0 0
1525041080832 -2 0 0
1525041080835 -1 0 0
1525041080835 -1 0 0
1525041080837 -1 0 0
1525041080837 -1 0 0
1525041080839 -1 0 0
1525041080839 -1 1 0
1525041080842 -2 0 0
1525041080842 -1 0 0
1525041080844 -1 0 0
1525041080844 -1 0 0
1525041080846 -1 0 0
1525041080846 -1 0 0
1525041080847 -1 0 0
1525041080849 -1 0 0
1525041080849 -1 0 0
1525041080851 -2 0 0
1525041080851 -1 0 0
1525041080852 -1 0 0
1525041080854 -2 0 0
1525041080854 -1 0 0
1525041080856 -2 0 0
1525041080856 -1 0 0
1525041080858 -3 0 0
1525041080858 -1 0 0
1525041080859 -2 0 0
1525041080861 -2 0 0
1525041080861 -2 0 0
1525041080862 -1 0 0
1525041080864 -2 0 0
1525041080864 -2 0 0
1525041080866 -2 0 0
1525041080866 -2 0 0
1525041080868 -2 0 0
1525041080868 -2 0 0
1525041080869 -2 0 0
1525041080871 -2 0 0
1525041080871 -2 0 0
1525041080873 -3 0 0
1525041080873 -3 0 0
1525041080875 -2 0 0
1525041080876 -2 0 0
1525041080876 -2 0 0
1525041080878 -2 0 0
1525041080878 -2 0 0
1525041080879 -1 0 0
1525041080881 -2 0 0
1525041080881 -3 0 0
1525041080883 -2 0 0
1525041080883 -2 0 0
1525041080885 -2 0 0
1525041080886 -2 0 0
1525041080886 -3 0 0
1525041080888 -2 0 0
1525041080888 -2 0 0
1525041080890 -3 0 0
1525041080891 -2 0 0
1525041080891 -2 0 0
1525041080893 -2 0 0
1525041080893 -1 0 0
1525041080895 -2 0 0
1525041080895 -2 0 0
1525041080897 -2 0 0
1525041080897 -2 0 0
1525041080898 -2 0 0
1525041080900 -2 0 0
1525041080900 -3 0 0
1525041080902 -1 0 0
1525041080903 -2 0 0
1525041080903 -2 0 0
1525041080905 -2 0 0
1525041080905 -2 0 0
1525041080907 -2 0 0
1525041080907 -2 1 0
1525041080909 -2 0 0
1525041080909 -1 0 0
1525041080915 -2 0 0
1525041080915 -2 0 0
1525041080915 -2 1 0
1525041080915 -2 0 0
1525041080915 -1 0 0
1525041080915 -3 0 0
1525041080917 -2 0 0
1525041080917 -1 0 0
1525041080919 -2 1 0
1525041080920 -2 0 0
1525041080920 -2 0 0
1525041080922 -1 0 0
1525041080922 -2 1 0
1525041080924 -2 0 0
1525041080926 -2 0 0
1525041080926 -2 0 0
1525041080928 -1 0 0
1525041080928 -2 1 0
1525041080929 -1 0 0
1525041080931 -2 0 0
1525041080931 -1 0 0
1525041080933 -2 0 0
1525041080933 -3 1 0
1525041080934 -1 0 0
1525041080936 -2 0 0
1525041080936 -1 0 0
1525041080938 -2 0 0
1525041080938 -1 0 0
1525041080939 -2 1 0
1525041080941 -1 0 0
1525041080941 -2 0 0
1525041080943 -2 0 0
1525041080945 -2 0 0
1525041080945 -1 1 0
1525041080947 -1 0 0
1525041080948 -2 0 0
1525041080948 -1 0 0
1525041080950 -2 0 0
1525041080950 -2 0 0
1525041080952 -2 1 0
1525041080953 -2 0 0
1525041080955 -2 0 0
1525041080955 -1 0 0
1525041080957 -2 0 0
1525041080958 -1 0 0
1525041080958 -1 0 0
1525041080960 -2 0 0
1525041080960 -1 0 0
1525041080962 -2 0 0
1525041080963 -1 0 0
1525041080963 -2 0 0
1525041080965 -1 0 0
1525041080965 -2 0 0
1525041080967 -1 0 0
1525041080967 -1 0 0
1525041080968 -2 0 0
1525041080970 -1 0 0
1525041080970 -2 0 0
1525041080972 -1 0 0
1525041080973 -2 0 0
1525041080973 -2 0 0
1525041080975 -2 0 0
1525041080975 -1 0 0
1525041080977 -1 0 0
1525041080977 -2 0 0
1525041080978 -2 0 0
1525041080980 -1 0 0
1525041080980 -2 0 0
1525041080982 -2 0 0
1525041080982 -2 0 0
1525041080984 -1 0 0
1525041080984 -1 0 0
1525041080986 -2 1 0
1525041080986 -2 0 0
1525041080989 -2 0 0
1525041080989 -2 0 0
1525041080989 -2 0 0
1525041080991 -1 0 0
1525041080991 -2 0 0
1525041080993 -2 0 0
1525041080993 -2 0 0
1525041080995 -2 0 0
1525041080997 -4 0 0
1525041080997 -2 0 0
1525041080998 -2 0 0
1525041080998 -2 0 0
1525041081001 -2 0 0
1525041081001 -2 0 0
1525041081001 -2 0 0
1525041081003 -2 0 0
1525041081003 -2 0 0
1525041081005 -2 0 0
1525041081005 -3 0 0
1525041081007 -2 0 0
1525041081008 -2 0 0
1525041081008 -2 0 0
1525041081010 -2 0 0
1525041081010 -2 0 0
1525041081011 -2 0 0
1525041081013 -2 0 0
1525041081013 -2 0 0
1525041081015 -2 0 0
1525041081015 -3 0 0
1525041081017 -2 0 0
1525041081017 -2 0 0
1525041081019 -2 0 0
1525041081019 -2 0 0
1525041081020 -2 1 0
1525041081022 -2 0 0
1525041081022 -2 0 0
1525041081024 -2 0 0
1525041081024 -2 0 0
1525041081026 -2 0 0
1525041081026 -2 0 0
1525041081028 -2 1 0
1525041081029 -2 0 0
1525041081029 -2 0 0
1525041081031 -2 1 0
1525041081031 -2 0 0
1525041081033 -2 0 0
1525041081033 -2 0 0
1525041081034 -2 0 0
1525041081036 -1 1 0
1525041081036 -2 0 0
1525041081038 -2 0 0
1525041081039 -2 0 0
1525041081039 0 1 0
1525041081041 -2 0 0
1525041081041 -2 0 0
1525041081043 -2 0 0
1525041081043 -2 1 0
1525041081044 -1 0 0
1525041081046 -2 0 0
1525041081046 -2 0 0
1525041081048 -2 1 0
1525041081048 -2 0 0
1525041081050 -1 0 0
1525041081050 -2 1 0
1525041081052 -2 0 0
1525041081053 -1 0 0
1525041081053 -2 0 0
1525041081055 -1 1 0
1525041081055 -2 0 0
1525041081057 -2 0 0
1525041081057 -1 0 0
1525041081058 -1 0 0
1525041081060 -1 1 0
1525041081060 -2 0 0
1525041081062 -1 0 0
1525041081063 -2 0 0
1525041081063 -1 1 0
1525041081065 -1 0 0
1525041081065 -1 0 0
1525041081067 -2 0 0
1525041081067 -1 0 0
1525041081068 -2 0 0
1525041081070 -1 1 0
1525041081070 -1 0 0
1525041081072 -1 0 0
1525041081072 -1 0 0
1525041081074 -1 0 0
1525041081074 -1 0 0
1525041081076 -1 1 0
1525041081078 -1 0 0
1525041081078 -1 0 0
1525041081080 -1 0 0
1525041081080 -1 0 0
1525041081080 -1 0 0
1525041081083 -1 0 0
1525041081083 -1 1 0
1525041081083 -1 0 0
1525041081085 -1 0 0
1525041081087 -1 0 0
1525041081089 -1 0 0
1525041081089 -1 0 0
1525041081091 -1 0 0
1525041081092 -1 0 0
1525041081094 -1 0 0
1525041081094 -1 0 0
1525041081096 -1 0 0
1525041081097 0 1 0
1525041081099 -1 0 0
1525041081101 -1 0 0
1525041081104 -1 0 0
1525041081105 -1 0 0
1525041081109 -1 0 0
1525041081113 -1 0 0
1525041081115 -1 0 0
1525041081117 -1 0 0
1525041081122 -1 0 0
1525041081125 -1 0 0
1525041081133 -1 0 0
1525041081136 -1 0 0
1525041081150 -1 0 0
1525041081154 -1 0 0
1525041081160 -1 0 0
1525041081165 -1 0 0
1525041081169 -1 0 0
1525041081174 -1 0 0
1525041081174 -1 0 0
1525041081176 -1 0 0
1525041081179 -1 0 0
1525041081181 -1 0 0
1525041081182 -1 0 0
1525041081186 -1 0 0
1525041081186 -1 0 0
1525041081189 -1 0 0
1525041081191 -1 0 0
1525041081191 -1 0 0
1525041081193 -1 0 0
1525041081194 -1 0 0
1525041081196 -1 0 0
1525041081196 -1 0 0
1525041081197 -1 0 0
1525041081199 -1 0 0
1525041081201 -1 0 0
1525041081201 -1 0 0
1525041081203 -1 0 0
1525041081204 -1 0 0
1525041081206 -1 0 0
1525041081206 -2 0 0
1525041081208 -1 0 0
1525041081208 -1 0 0
1525041081210 -1 0 0
1525041081211 -1 0 0
1525041081211 -1 0 0
1525041081213 -2 0 0
1525041081216 -1 0 0
1525041081216 -1 0 0
1525041081218 -1 0 0
1525041081218 -1 0 0
1525041081220 -1 0 0
1525041081221 -1 0 0
1525041081223 -1 0 0
1525041081225 -1 0 0
1525041081225 -1 0 0
1525041081228 -1 0 0
1525041081230 -1 0 0
1525041081230 -1 0 0
1525041081233 -1 0 0
1525041081235 -1 0 0
1525041081235 0 1 0
1525041081238 -1 0 0
1525041081240 -1 0 0
1525041081242 -1 0 0
1525041081245 -1 1 0
1525041081248 -1 0 0
1525041081251 -1 0 0
1525041081256 -1 0 0
1525041081401 0 1 0
1525041081404 1 0 0
1525041081405 0 1 0
1525041081407 1 0 0
1525041081409 1 0 0
1525041081409 1 1 0
1525041081411 1 0 0
1525041081412 1 1 0
1525041081414 1 0 0
1525041081414 1 0 0
1525041081417 1 1 0
1525041081417 1 0 0
1525041081421 1 0 0
1525041081421 1 1 0
1525041081422 1 0 0
1525041081422 1 0 0
1525041081424 1 0 0
1525041081424 1 1 0
1525041081426 1 0 0
1525041081427 1 0 0
1525041081429 1 1 0
1525041081431 1 0 0
1525041081431 1 0 0
1525041081433 1 1 0
1525041081434 1 0 0
1525041081436 1 0 0
1525041081436 1 0 0
1525041081438 1 0 0
1525041081440 1 0 0
1525041081443 1 1 0
1525041081443 1 0 0
1525041081444 1 0 0
1525041081444 1 1 0
1525041081446 1 0 0
1525041081446 1 0 0
1525041081448 1 0 0
1525041081449 1 1 0
1525041081451 1 0 0
1525041081451 1 0 0
1525041081453 1 0 0
1525041081453 1 1 0
1525041081455 1 0 0
1525041081455 1 0 0
1525041081457 1 0 0
1525041081457 1 0 0
1525041081459 1 1 0
1525041081459 1 0 0
1525041081461 2 0 0
1525041081461 1 0 0
1525041081462 1 1 0
1525041081464 1 0 0
1525041081464 1 0 0
1525041081466 2 0 0
1525041081466 1 1 0
1525041081467 1 0 0
1525041081469 1 0 0
1525041081469 1 0 0
1525041081471 2 0 0
1525041081471 1 1 0
1525041081473 1 0 0
1525041081474 2 0 0
1525041081474 1 0 0
1525041081476 1 1 0
1525041081476 2 0 0
1525041081477 1 0 0
1525041081479 1 0 0
1525041081479 2 0 0
1525041081481 1 1 0
1525041081481 1 0 0
1525041081483 2 0 0
1525041081483 1 0 0
1525041081485 1 1 0
1525041081487 2 0 0
1525041081487 1 0 0
1525041081488 2 0 0
1525041081488 1 1 0
1525041081490 1 0 0
1525041081490 2 0 0
1525041081492 1 0 0
1525041081493 1 0 0
1525041081493 2 1 0
1525041081495 1 0 0
1525041081495 2 0 0
1525041081497 1 0 0
1525041081497 1 0 0
1525041081499 2 1 0
1525041081499 1 0 0
1525041081501 1 0 0
1525041081502 2 1 0
1525041081502 1 0 0
1525041081504 2 0 0
1525041081504 2 0 0
1525041081507 2 1 0
1525041081507 1 0 0
1525041081509 1 0 0
1525041081509 1 0 0
1525041081511 1 0 0
1525041081511 2 1 0
1525041081513 1 0 0
1525041081514 1 0 0
1525041081514 1 0 0
1525041081516 1 0 0
1525041081516 1 0 0
1525041081518 2 1 0
1525041081519 1 0 0
1525041081519 1 0 0
1525041081521 1 0 0
1525041081521 1 0 0
1525041081523 1 0 0
1525041081524 1 1 0
1525041081524 1 0 0
1525041081526 1 0 0
1525041081526 1 0 0
1525041081527 1 0 0
1525041081529 1 0 0
1525041081529 1 0 0
1525041081531 1 0 0
1525041081531 1 0 0
1525041081533 1 1 0
1525041081533 1 0 0
1525041081535 1 0 0
1525041081535 1 0 0
1525041081537 1 0 0
1525041081537 1 0 0
1525041081539 1 0 0
1525041081539 1 0 0
1525041081541 1 1 0
1525041081542 1 0 0
1525041081544 1 0 0
1525041081544 1 0 0
1525041081546 1 0 0
1525041081547 1 0 0
1525041081549 1 0 0
1525041081549 1 0 0
1525041081551 1 0 0
1525041081554 1 0 0
1525041081554 1 0 0
1525041081556 0 1 0
1525041081558 1 0 0
1525041081559 1 0 0
1525041081561 1 0 0
1525041081564 1 0 0
1525041081566 1 0 0
1525041081567 1 0 0
1525041081570 1 0 0
1525041081574 1 0 0
1525041081576 1 0 0
1525041081579 1 0 0
1525041081581 1 0 0
1525041081584 1 0 0
1525041081586 1 0 0
1525041081588 1 0 0
1525041081591 1 0 0
1525041081594 1 0 0
1525041081594 1 1 0
1525041081597 1 0 0
1525041081599 1 0 0
1525041081601 1 0 0
1525041081604 1 0 0
1525041081606 1 0 0
1525041081608 1 1 0
1525041081609 1 0 0
1525041081611 1 0 0
1525041081611 1 0 0
1525041081614 1 0 0
1525041081614 1 0 0
1525041081616 1 0 0
1525041081618 1 1 0
1525041081620 1 0 0
1525041081621 1 0 0
1525041081623 1 0 0
1525041081625 1 0 0
1525041081625 1 0 0
1525041081627 1 0 0
1525041081630 1 0 0
1525041081632 1 0 0
1525041081634 1 0 0
1525041081635 1 0 0
1525041081637 1 1 0
1525041081639 1 0 0
1525041081643 1 0 0
1525041081643 1 0 0
1525041081643 1 0 0
1525041081645 1 0 0
1525041081647 1 0 0
1525041081647 1 0 0
1525041081649 1 0 0
1525041081650 1 0 0
1525041081652 1 0 0
1525041081655 1 0 0
1525041081657 1 0 0
1525041081659 1 0 0
1525041081661 1 0 0
1525041081661 1 0 0
1525041081664 1 0 0
1525041081664 1 0 0
1525041081666 1 0 0
1525041081667 1 0 0
1525041081669 1 0 0
1525041081672 1 0 0
1525041081674 1 0 0
1525041081676 1 0 0
1525041081676 1 0 0
1525041081679 1 0 0
1525041081681 1 0 0
1525041081683 1 0 0
1525041081684 1 0 0
1525041081686 1 0 0
1525041081688 1 0 0
1525041081689 1 0 0
1525041081691 1 0 0
1525041081693 1 0 0
1525041081696 1 0 0
1525041081697 1 0 0
1525041081699 1 0 0
1525041081701 1 0 0
1525041081704 1 0 0
1525041081707 1 0 0
1525041081707 1 0 0
1525041081709 1 0 0
1525041081710 1 0 0
1525041081713 1 0 0
1525041081713 1 0 0
1525041081717 1 0 0
1525041081717 1 0 0
1525041081718 1 0 0
1525041081720 1 0 0
1525041081722 1 0 0
1525041081723 1 0 0
1525041081725 1 0 0
1525041081725 1 0 0
1525041081728 1 0 0
1525041081728 1 0 0
1525041081730 1 0 0
1525041081732 1 0 0
1525041081733 1 0 0
1525041081735 1 0 0
1525041081737 1 1 0
1525041081737 1 0 0
1525041081740 1 0 0
1525041081740 1 0 0
1525041081742 1 0 0
1525041081745 1 0 0
1525041081747 1 0 0
1525041081747 1 0 0
1525041081750 1 0 0
1525041081752 1 0 0
1525041081755 1 0 0
1525041081755 1 0 0
1525041081757 1 0 0
1525041081760 1 0 0
1525041081762 1 0 0
1525041081763 1 0 0
1525041081765 1 0 0
1525041081767 1 0 0
1525041081769 1 0 0
1525041081770 1 0 0
1525041081772 1 0 0
1525041081775 1 0 0
1525041081777 1 0 0
1525041081779 1 0 0
1525041081779 1 0 0
1525041081782 1 0 0
1525041081784 1 0 0
1525041081784 1 0 0
1525041081787 1 0 0
1525041081787 1 0 0
1525041081789 1 0 0
1525041081792 1 0 0
1525041081792 1 0 0
1525041081794 1 0 0
1525041081794 0 1 0
1525041081795 1 0 0
1525041081797 1 0 0
1525041081799 1 0 0
1525041081799 1 0 0
1525041081803 1 0 0
1525041081803 1 0 0
1525041081803 1 0 0
1525041081804 1 0 0
1525041081806 1 0 0
1525041081808 1 0 0
1525041081808 1 0 0
1525041081810 1 0 0
1525041081810 1 0 0
1525041081813 1 0 0
1525041081813 1 0 0
1525041081815 1 1 0
1525041081817 1 0 0
1525041081818 1 0 0
1525041081818 1 0 0
1525041081820 1 0 0
1525041081820 1 0 0
1525041081822 1 0 0
1525041081823 1 0 0
1525041081823 1 0 0
1525041081825 2 0 0
1525041081827 1 0 0
1525041081828 1 0 0
1525041081830 1 0 0
1525041081830 1 0 0
1525041081832 1 0 0
1525041081832 2 0 0
1525041081835 1 0 0
1525041081835 1 0 0
1525041081837 1 0 0
1525041081837 1 0 0
1525041081839 1 0 0
1525041081839 1 0 0
1525041081841 1 0 0
1525041081842 1 0 0
1525041081844 1 0 0
1525041081844 1 0 0
1525041081846 1 0 0
1525041081846 1 0 0
1525041081848 1 0 0
1525041081849 1 0 0
1525041081849 1 0 0
1525041081851 2 0 0
1525041081853 1 0 0
1525041081853 1 0 0
1525041081856 1 0 0
1525041081856 1 1 0
1525041081858 1 0 0
1525041081858 1 0 0
1525041081860 1 0 0
1525041081860 1 0 0
1525041081862 1 0 0
1525041081863 1 0 0
1525041081863 1 0 0
1525041081865 1 0 0
1525041081867 1 0 0
1525041081867 1 0 0
1525041081869 1 0 0
1525041081870 1 0 0
1525041081872 1 0 0
1525041081872 2 0 0
1525041081874 1 0 0
1525041081874 1 0 0
1525041081876 1 0 0
1525041081876 1 0 0
1525041081878 1 0 0
1525041081878 1 0 0
1525041081880 1 0 0
1525041081881 1 0 0
1525041081881 1 0 0
1525041081883 1 0 0
1525041081883 1 0 0
1525041081885 1 0 0
1525041081885 1 0 0
1525041081887 1 0 0
1525041081887 1 0 0
1525041081889 1 0 0
1525041081889 1 0 0
1525041081891 1 0 0
1525041081891 1 1 0
1525041081892 1 0 0
1525041081894 1 0 0
1525041081894 1 0 0
1525041081896 1 0 0
1525041081896 2 0 0
1525041081899 1 0 0
1525041081899 1 0 0
1525041081899 1 0 0
1525041081900 2 1 0
1525041081902 2 0 0
1525041081904 1 0 0
1525041081904 2 0 0
1525041081905 1 0 0
1525041081908 1 0 0
1525041081908 1 0 0
1525041081909 1 0 0
1525041081909 2 0 0
1525041081911 1 0 0
1525041081911 1 0 0
1525041081913 1 0 0
1525041081914 2 0 0
1525041081914 1 1 0
1525041081916 1 0 0
1525041081916 1 0 0
1525041081917 1 0 0
1525041081919 2 0 0
1525041081919 1 0 0
1525041081921 1 0 0
1525041081921 1 0 0
1525041081923 1 0 0
1525041081924 1 0 0
1525041081924 1 0 0
1525041081926 2 0 0
1525041081928 2 0 0
1525041081929 2 0 0
1525041081931 2 0 0
1525041081933 2 0 0
1525041081937 1 0 0
1525041081937 1 0 0
1525041081938 1 0 0
1525041081938 1 0 0
1525041081940 1 0 0
1525041081940 1 0 0
1525041081942 1 0 0
1525041081943 1 0 0
1525041081945 1 1 0
1525041081945 1 0 0
1525041081947 1 0 0
1525041081947 1 0 0
1525041081950 1 0 0
1525041081950 1 0 0
1525041081952 1 0 0
1525041081952 1 0 0
1525041081954 1 0 0
1525041081955 1 0 0
1525041081957 1 0 0
1525041081959 1 0 0
1525041081959 1 0 0
1525041081962 1 0 0
1525041081962 1 0 0
1525041081964 1 0 0
1525041081966 1 0 0
1525041081966 1 0 0
1525041081967 1 0 0
1525041081969 0 1 0
1525041081969 1 0 0
1525041081971 1 0 0
1525041081972 1 0 0
1525041081974 1 0 0
1525041081974 1 0 0
1525041081976 1 0 0
1525041081977 1 0 0
1525041081979 1 0 0
1525041081979 1 0 0
1525041081981 1 0 0
1525041081982 1 1 0
1525041081984 1 0 0
1525041081984 1 0 0
1525041081986 1 0 0
1525041081989 1 0 0
1525041081989 1 0 0
1525041081991 1 0 0
1525041081992 1 0 0
1525041081992 1 0 0
1525041081995 1 0 0
1525041081995 1 1 0
1525041081995 1 0 0
1525041081997 1 0 0
1525041081999 1 0 0
1525041082000 1 0 0
1525041082000 1 0 0
1525041082002 1 0 0
1525041082004 1 0 0
1525041082004 1 0 0
1525041082006 1 0 0
1525041082007 1 0 0
1525041082009 1 0 0
1525041082009 1 1 0
1525041082011 1 0 0
1525041082012 1 0 0
1525041082014 1 0 0
1525041082016 1 0 0
1525041082018 1 0 0
1525041082018 1 0 0
1525041082021 1 0 0
1525041082024 1 0 0
1525041082026 1 0 0
1525041082028 1 0 0
1525041082033 1 0 0
1525041082035 1 0 0
1525041082040 1 0 0
1525041082050 1 0 0
1525041082060 1 0 0
1525041082080 1 0 0
1525041082097 1 0 0
1525041082121 1 0 0
1525041082128 1 0 0
1525041082142 1 0 0
1525041082205 1 0 0
1525041082383 1 0 0
1525041082406 0 1 0
1525041082476 1 0 0
1525041082588 1 0 0
1525041082684 1 0 0
1525041082698 0 -1 0
1525041082700 -1 0 0
1525041082705 0 -1 0
1525041082716 0 -1 0
